Date,Open,High,Low,Close,Volume,stock_id
2015-11-02,13.8,15.0,13.8,15.0,1777,2594
2015-11-03,17.5,17.5,15.66,15.66,3700,2594
2015-11-04,15.001,15.05,14.3,14.305,76378,2594
2015-11-05,14.3,14.5,13.99,14.05,147000,2594
2015-11-06,14.16,14.2,14.07,14.15,51100,2594
2015-11-09,14.19,14.35,14.15,14.25,25578,2594
2015-11-10,14.6,14.6,14.22,14.25,16300,2594
2015-11-11,14.25,14.38,14.25,14.3,186400,2594
2015-11-12,14.3,14.3,14.2,14.26,33800,2594
2015-11-13,14.39,15.0,14.16,14.79,212400,2594
2015-11-16,14.85,14.85,14.32,14.53,27500,2594
2015-11-17,14.59,14.89,14.55,14.75,12200,2594
2015-11-18,14.4,14.7,14.25,14.57,67100,2594
2015-11-19,14.3,14.7,14.26,14.5,11000,2594
2015-11-20,14.35,14.35,14.25,14.27,39100,2594
2015-11-23,14.3,14.45,14.3,14.36,34000,2594
2015-11-24,14.2,14.45,14.2,14.45,24300,2594
2015-11-25,14.45,14.45,14.32,14.32,600,2594
2015-11-27,14.3,14.44,14.3,14.35,8200,2594
2015-11-30,14.44,14.45,14.35,14.43,18900,2594
2015-12-01,14.35,14.67,14.35,14.53,24736,2594
2015-12-02,14.7,14.75,14.4,14.52,53079,2594
2015-12-03,14.48,14.75,14.36,14.37,11485,2594
2015-12-04,14.37,14.6,14.36,14.4,15000,2594
2015-12-07,14.36,14.75,14.36,14.69,41800,2594
2015-12-08,14.74,14.75,14.37,14.67,60598,2594
2015-12-09,14.55,14.7,14.54,14.68,31700,2594
2015-12-10,14.62,14.65,14.55,14.64,17300,2594
2015-12-11,14.69,14.69,14.36,14.53,38900,2594
2015-12-14,14.5,14.69,14.17,14.21,596135,2594
2015-12-15,14.24,14.64,14.18,14.48,45400,2594
2015-12-16,14.49,14.75,14.31,14.75,78300,2594
2015-12-17,14.74,14.97,14.43,14.64,87500,2594
2015-12-18,14.7,14.74,14.31,14.65,927100,2594
2015-12-21,14.74,14.74,14.57,14.7,13700,2594
2015-12-22,14.6,14.7,14.6,14.69,8640,2594
2015-12-23,14.74,14.9,14.7,14.89,183100,2594
2015-12-24,14.85,14.96,14.5,14.78,8132,2594
2015-12-28,14.83,14.87,14.47,14.52,20710,2594
2015-12-29,14.6,14.99,14.6,14.93,23370,2594
2015-12-30,14.52,14.84,14.52,14.84,400,2594
2015-12-31,14.87,15.0,14.69,14.98,10578,2594
2016-01-04,14.88,14.9,14.6,14.85,31408,2594
2016-01-05,14.82,14.85,14.36,14.47,56317,2594
2016-01-06,14.26,14.49,14.25,14.49,421993,2594
2016-01-07,14.3,14.45,14.3,14.41,157922,2594
2016-01-08,14.47,14.47,14.16,14.16,42510,2594
2016-01-11,14.15,14.15,13.27,13.98,48127,2594
2016-01-12,14.05,14.1,13.85,14.01,43022,2594
2016-01-13,13.99,13.99,13.62,13.64,11942,2594
2016-01-14,13.79,13.8,13.6,13.79,7846,2594
2016-01-15,13.52,13.8,13.52,13.76,27463,2594
2016-01-19,13.7,13.7,12.98,13.52,35900,2594
2016-01-20,13.37,13.62,12.58,13.46,21643,2594
2016-01-21,13.42,13.62,13.38,13.54,58352,2594
2016-01-22,13.67,13.67,13.5,13.5,4867,2594
2016-01-25,13.45,13.64,13.0,13.37,17296,2594
2016-01-26,13.48,13.48,13.09,13.4,25680,2594
2016-01-27,13.32,13.43,13.31,13.4,29543,2594
2016-01-28,13.47,13.47,13.3,13.36,18210,2594
2016-01-29,13.4,13.4,13.3,13.35,75143,2594
2016-02-01,13.27,13.35,13.05,13.34,5386,2594
2016-02-02,13.23,13.27,13.12,13.22,7761,2594
2016-02-03,13.35,13.35,13.165,13.2,10910,2594
2016-02-04,13.25,13.3,12.26,13.25,26475,2594
2016-02-05,13.29,13.29,12.393,13.12,20563,2594
2016-02-08,13.0,13.0,12.34,12.74,91562,2594
2016-02-09,12.58,12.7,12.47,12.55,18709,2594
2016-02-10,12.55,12.55,12.3301,12.42,39375,2594
2016-02-11,12.26,12.28,11.68,11.87,31147,2594
2016-02-12,12.06,12.715,12.06,12.23,16388,2594
2016-02-16,12.4,12.49,11.97,12.15,33462,2594
2016-02-17,12.25,12.295,11.78,11.88,13583,2594
2016-02-18,11.85,12.41,11.55,11.88,26223,2594
2016-02-19,11.87,12.14,11.79,11.89,49927,2594
2016-02-22,11.81,12.55,11.81,11.97,42874,2594
2016-02-23,11.94,12.55,11.85,12.35,48159,2594
2016-02-24,12.27,12.5,12.14,12.47,27495,2594
2016-02-25,12.51,12.52,12.4364,12.48,50927,2594
2016-02-26,12.55,12.75,11.93,12.55,51527,2594
2016-02-29,12.62,13.1,12.6,13.01,32217,2594
2016-03-01,13.06,13.39,12.51,13.39,17117,2594
2016-03-02,13.35,13.35,12.65,13.16,17780,2594
2016-03-03,13.13,13.14,12.56,12.65,15239,2594
2016-03-04,12.66,13.29,12.6,13.29,361455,2594
2016-03-07,13.25,13.25,12.76,13.24,19253,2594
2016-03-08,13.08,13.24,13.08,13.21,22048,2594
2016-03-09,13.18,13.275,13.18,13.23,28939,2594
2016-03-10,13.245,13.46,13.23,13.32,44077,2594
2016-03-11,13.23,13.37,12.63,13.32,15293,2594
2016-03-14,13.36,13.45,13.24,13.4,33154,2594
2016-03-15,13.3,13.5,13.2101,13.3,8151,2594
2016-03-16,13.34,13.62,13.29,13.5,51730,2594
2016-03-17,13.3,13.5,13.24,13.37,61334,2594
2016-03-18,13.5,13.7137,13.4,13.69,54916,2594
2016-03-21,13.59,14.0,13.53,13.96,57242,2594
2016-03-22,13.76,13.95,12.8916,13.76,34638,2594
2016-03-23,13.77,14.0,13.47,13.9,34082,2594
2016-03-24,13.9,13.95,13.75,13.94,34864,2594
2016-03-28,13.99,14.02,13.8,13.93,24688,2594
2016-03-29,13.95,13.95,13.71,13.95,42747,2594
2016-03-30,13.94,13.95,13.76,13.92,35975,2594
2016-03-31,13.87,13.95,13.81,13.94,42887,2594
2016-04-01,13.88,13.95,13.665,13.94,19795,2594
2016-04-04,13.94,13.95,13.5801,13.89,41283,2594
2016-04-05,13.8,13.95,13.62,13.65,26612,2594
2016-04-06,13.75,13.95,13.2,13.91,59142,2594
2016-04-07,13.9,13.94,13.73,13.82,35049,2594
2016-04-08,13.9,14.0,13.8,13.85,24869,2594
2016-04-11,13.93,14.0,13.71,13.91,47259,2594
2016-04-12,13.84,14.0,12.92,13.9,43918,2594
2016-04-13,13.9,13.9,13.13,13.88,58008,2594
2016-04-14,13.51,14.0,13.51,13.91,64048,2594
2016-04-15,13.97,14.27,13.95,13.99,64408,2594
2016-04-18,14.08,14.1608,13.84,14.01,170522,2594
2016-04-19,13.94,14.22,13.89,14.16,102270,2594
2016-04-20,14.15,14.22,14.12,14.19,37799,2594
2016-04-21,13.89,14.1,13.89,14.05,66986,2594
2016-04-22,14.01,14.21,13.95,14.14,56913,2594
2016-04-25,14.16,14.16,13.84,13.84,79246,2594
2016-04-26,13.94,14.26,13.87,14.2,187365,2594
2016-04-27,14.11,14.3,14.11,14.25,16413,2594
2016-04-28,14.28,14.41,14.21,14.36,34556,2594
2016-04-29,14.325,14.33,14.15,14.19,24880,2594
2016-05-02,14.2,14.34,14.16,14.23,41476,2594
2016-05-03,14.15,14.49,14.15,14.4,78296,2594
2016-05-04,14.36,14.49,14.21,14.42,66052,2594
2016-05-05,14.3101,14.46,14.3101,14.39,52846,2594
2016-05-06,14.3,14.42,14.15,14.21,237478,2594
2016-05-09,14.21,14.29,13.94,14.0,21514,2594
2016-05-10,14.3,14.43,14.1,14.43,35296,2594
2016-05-11,14.48,14.48,14.14,14.28,52178,2594
2016-05-12,14.27,14.35,13.76,14.1,43430,2594
2016-05-13,14.06,14.18,14.0,14.01,24696,2594
2016-05-16,13.98,14.195,13.85,14.18,46225,2594
2016-05-17,14.13,14.15,13.88,13.91,57149,2594
2016-05-18,13.78,14.0,13.76,13.98,39547,2594
2016-05-19,13.91,14.0,13.86,14.0,16328,2594
2016-05-20,14.0,14.326,13.93,14.03,63351,2594
2016-05-23,14.0,14.1201,13.83,14.01,67771,2594
2016-05-24,14.04,14.24,13.94,14.1,49584,2594
2016-05-25,14.1,14.27,13.98,14.23,26702,2594
2016-05-26,14.22,14.3,13.905,14.22,31067,2594
2016-05-27,14.24,14.36,13.77,14.27,19105,2594
2016-05-31,14.05,14.36,14.05,14.23,18868,2594
2016-06-01,14.1,14.38,14.0299,14.35,24823,2594
2016-06-02,14.22,14.35,14.1499,14.31,23696,2594
2016-06-03,14.26,14.36,14.2,14.3,31370,2594
2016-06-06,14.3,14.4,14.2,14.31,41591,2594
2016-06-07,14.3,14.48,14.27,14.35,142273,2594
2016-06-08,14.45,14.48,14.27,14.46,69602,2594
2016-06-09,14.37,14.45,14.25,14.43,48828,2594
2016-06-10,14.4,14.41,14.32,14.36,15439,2594
2016-06-13,14.3,14.43,14.12,14.19,59641,2594
2016-06-14,14.2,14.32,14.02,14.12,43549,2594
2016-06-15,14.22,14.42,14.16,14.39,105379,2594
2016-06-16,14.35,14.35,13.99,14.21,49767,2594
2016-06-17,14.3,14.37,13.99,14.37,184534,2594
2016-06-20,14.35,14.38,14.08,14.24,109808,2594
2016-06-21,14.11,14.28,14.06,14.15,69364,2594
2016-06-22,14.2,14.36,14.12,14.29,98984,2594
2016-06-23,14.27,14.58,14.23,14.54,197890,2594
2016-06-24,14.17,14.38,13.747,13.92,169623,2594
2016-06-27,13.72,13.89,13.28,13.48,66070,2594
2016-06-28,13.55,13.89,13.26,13.8,185919,2594
2016-06-29,13.9,14.01,13.68,13.99,126098,2594
2016-06-30,14.5,14.5,13.99,14.46,156981,2594
2016-07-01,14.39,14.47,14.28,14.45,61619,2594
2016-07-05,14.31,14.51,14.14,14.45,200895,2594
2016-07-06,14.43,14.62,14.2,14.62,160718,2594
2016-07-07,14.4,14.75,14.4,14.59,80289,2594
2016-07-08,14.75,14.94,14.42,14.78,106323,2594
2016-07-11,14.55,14.9,14.55,14.855,115575,2594
2016-07-12,14.9,15.0,14.65,15.0,211427,2594
2016-07-13,15.01,15.1,14.78,15.02,227687,2594
2016-07-14,15.13,15.395,14.89,15.25,147242,2594
2016-07-15,15.32,15.35,14.85,15.24,160005,2594
2016-07-18,15.15,15.3,14.8727,14.98,37564,2594
2016-07-19,15.02,15.1,14.77,14.92,41871,2594
2016-07-20,14.92,14.96,14.65,14.78,53680,2594
2016-07-21,14.72,14.96,14.425,14.53,73551,2594
2016-07-22,14.52,14.68,14.36,14.58,39542,2594
2016-07-25,14.59,14.71,14.45,14.53,23016,2594
2016-07-26,14.4,14.685,14.37,14.6,24505,2594
2016-07-27,14.42,14.795,14.35,14.75,18100,2594
2016-07-28,14.5,14.93,14.5,14.92,53222,2594
2016-07-29,14.53,14.88,14.25,14.83,223957,2594
2016-08-01,14.69,14.87,14.5,14.82,74684,2594
2016-08-02,14.64,14.98,14.55,14.59,85550,2594
2016-08-03,14.51,15.04,14.46,15.01,49096,2594
2016-08-04,14.86,15.07,14.83,15.0,30589,2594
2016-08-05,14.82,15.3,14.82,15.26,97525,2594
2016-08-08,15.11,15.34,15.11,15.15,17200,2594
2016-08-09,15.14,15.31,15.11,15.23,15239,2594
2016-08-10,15.16,15.3,15.0901,15.14,23711,2594
2016-08-11,15.21,15.36,15.06,15.21,24066,2594
2016-08-12,15.26,15.29,14.99,15.13,14828,2594
2016-08-15,15.27,15.29,15.19,15.28,22352,2594
2016-08-16,15.21,15.5,15.21,15.45,41763,2594
2016-08-17,15.35,15.5,15.27,15.43,25568,2594
2016-08-18,15.47,15.54,15.3,15.47,71435,2594
2016-08-19,15.5,15.5,15.31,15.32,21375,2594
2016-08-22,15.09,15.48,15.09,15.36,28211,2594
2016-08-23,15.29,15.74,15.29,15.45,40302,2594
2016-08-24,15.51,15.7,15.49,15.57,13143,2594
2016-08-25,15.41,15.67,15.41,15.47,19022,2594
2016-08-26,15.45,15.59,15.28,15.41,46568,2594
2016-08-29,15.45,15.58,15.42,15.46,19488,2594
2016-08-30,15.5,15.59,15.36,15.39,28567,2594
2016-08-31,15.6,15.6,15.17,15.41,73608,2594
2016-09-01,15.42,15.44,15.24,15.44,17457,2594
2016-09-02,15.42,15.51,15.29,15.38,28369,2594
2016-09-06,15.31,15.56,15.31,15.39,55434,2594
2016-09-07,15.3099,15.53,15.3,15.44,43851,2594
2016-09-08,15.37,15.46,15.34,15.41,50155,2594
2016-09-09,15.17,15.47,15.17,15.3,38506,2594
2016-09-12,15.36,15.45,15.1,15.45,29121,2594
2016-09-13,15.375,15.4,15.06,15.27,53878,2594
2016-09-14,15.25,15.43,15.25,15.32,19634,2594
2016-09-15,15.33,15.44,15.25,15.36,28630,2594
2016-09-16,15.35,15.38,14.04,14.82,312012,2594
2016-09-19,14.98,15.21,14.7,14.85,31569,2594
2016-09-20,14.83,15.01,14.67,14.99,29977,2594
2016-09-21,15.05,15.1,14.95,15.02,29567,2594
2016-09-22,15.13,15.13,14.97,15.06,23186,2594
2016-09-23,15.03,15.09,14.97,15.0,29368,2594
2016-09-26,14.91,14.98,14.56,14.56,19379,2594
2016-09-27,14.72,14.83,14.55,14.77,22006,2594
2016-09-28,14.88,14.88,14.55,14.82,34082,2594
2016-09-29,14.73,14.88,14.57,14.6,9886,2594
2016-09-30,14.7,15.04,14.7,14.98,24291,2594
2016-10-03,14.87,15.03,14.87,15.01,92046,2594
2016-10-04,14.85,15.02,14.85,15.02,13949,2594
2016-10-05,15.0,15.04,14.96,14.96,14566,2594
2016-10-06,14.96,15.02,14.95,14.97,7295,2594
2016-10-07,14.89,15.03,14.89,14.97,16945,2594
2016-10-10,14.95,15.025,14.8,15.0,21923,2594
2016-10-11,15.0,15.0,14.65,14.85,43598,2594
2016-10-12,14.9,15.0,14.9,15.0,584545,2594
2016-10-13,15.0,15.0,14.85,14.9,47447,2594
2016-10-14,15.0,15.0,14.9,14.95,13502,2594
2016-10-17,14.9,15.1,14.8,15.05,56764,2594
2016-10-18,15.1,15.1,14.85,15.0,49235,2594
2016-10-19,15.0,15.2,14.95,15.05,49582,2594
2016-10-20,13.8,15.1,13.8,15.0,18773,2594
2016-10-21,14.95,15.0,14.75,15.0,18068,2594
2016-10-24,15.15,15.15,14.7,15.0,11601,2594
2016-10-25,14.9,15.1,14.35,15.0,40512,2594
2016-10-26,15.05,15.05,14.9,15.0,21773,2594
2016-10-27,15.0,15.1,14.875,15.1,34000,2594
2016-10-28,15.0,15.15,14.85,15.0,28037,2594
2016-10-31,14.4,15.15,14.4,15.05,65272,2594
2016-11-01,15.1,15.45,14.65,14.8,45950,2594
2016-11-02,14.7,14.7,14.3,14.45,19201,2594
2016-11-03,14.5,14.6,14.25,14.3,17565,2594
2016-11-04,14.4,14.6,14.3,14.4,16948,2594
2016-11-07,14.7,14.75,14.35,14.65,35249,2594
2016-11-08,14.65,14.85,14.5,14.8,35710,2594
2016-11-09,14.9,15.3,14.8,15.3,41680,2594
2016-11-10,15.45,15.9,15.2,15.65,103503,2594
2016-11-11,15.75,15.9,15.45,15.5,152094,2594
2016-11-14,15.7,15.9,15.6,15.75,72486,2594
2016-11-15,15.6,15.8,15.6,15.7,51612,2594
2016-11-16,15.7,16.0,15.7,15.9,58502,2594
2016-11-17,16.0,16.15,15.75,15.8,40905,2594
2016-11-18,15.9,16.05,15.85,15.95,42420,2594
2016-11-21,16.05,16.05,15.8,15.9,25298,2594
2016-11-22,16.0,16.225,15.95,16.0,81569,2594
2016-11-23,16.1,16.3,16.05,16.15,40058,2594
2016-11-25,16.15,16.525,15.25,16.5,15879,2594
2016-11-28,16.35,16.4,16.05,16.15,72333,2594
2016-11-29,16.3,16.3,15.9,16.0,61866,2594
2016-11-30,16.15,16.25,16.0,16.1,83961,2594
2016-12-01,16.0,16.45,16.0,16.3,69034,2594
2016-12-02,16.35,16.45,16.15,16.15,31846,2594
2016-12-05,16.1,16.45,16.0,16.25,56830,2594
2016-12-06,16.3,16.45,16.2,16.25,61022,2594
2016-12-07,16.45,16.55,16.3,16.5,157258,2594
2016-12-08,16.55,17.85,16.45,17.0,202011,2594
2016-12-09,17.15,17.45,16.6,17.0,130164,2594
2016-12-12,17.0,17.0735,16.75,16.8,69368,2594
2016-12-13,16.95,17.2,16.7,16.85,94733,2594
2016-12-14,16.7,17.0,16.7,16.75,100054,2594
2016-12-15,16.85,17.1,16.25,16.45,169643,2594
2016-12-16,16.4,17.05,16.4,16.95,129765,2594
2016-12-19,16.95,17.35,16.55,17.25,69079,2594
2016-12-20,17.35,17.9,17.3,17.75,81159,2594
2016-12-21,17.95,18.75,17.95,18.55,89079,2594
2016-12-22,18.75,18.95,18.5,18.65,81442,2594
2016-12-23,18.75,19.1,18.6,19.1,91238,2594
2016-12-27,19.2,19.2012,18.85,18.95,42414,2594
2016-12-28,19.1,19.25,18.8875,19.1,43225,2594
2016-12-29,19.1,19.1,18.95,19.05,75905,2594
2016-12-30,19.1,19.1,18.85,19.0,52056,2594
2017-01-03,19.1,19.2,18.75,18.9,95043,2594
2017-01-04,19.05,19.15,19.0,19.15,49306,2594
2017-01-05,19.1,19.4,19.0,19.3,112654,2594
2017-01-06,19.4,19.65,19.35,19.65,54204,2594
2017-01-09,19.55,19.75,19.55,19.7,59229,2594
2017-01-10,19.7,19.8,19.6,19.75,66709,2594
2017-01-11,19.75,20.2,19.7,20.05,55268,2594
2017-01-12,19.9,19.95,19.65,19.85,35403,2594
2017-01-13,19.95,20.1,19.9,19.95,35614,2594
2017-01-17,19.9,19.9,19.4,19.5,107919,2594
2017-01-18,19.65,19.65,19.4,19.6,42487,2594
2017-01-19,19.5,19.65,19.5,19.55,22984,2594
2017-01-20,19.7,19.75,19.0,19.6,80639,2594
2017-01-23,19.65,19.65,19.475,19.525,36184,2594
2017-01-24,19.5,19.95,19.4,19.85,41558,2594
2017-01-25,19.9,20.2,19.75,20.05,67610,2594
2017-01-26,20.15,20.15,20.0,20.0,36517,2594
2017-01-27,19.75,20.1,19.3,19.7,153866,2594
2017-01-30,19.7,19.7,19.0,19.0,155788,2594
2017-01-31,18.9,19.175,18.9,19.1,59708,2594
2017-02-01,19.15,19.45,18.65,19.05,110431,2594
2017-02-02,18.9,19.15,18.9,19.05,51337,2594
2017-02-03,19.2,19.55,19.2,19.5,38716,2594
2017-02-06,19.35,19.65,19.15,19.45,47867,2594
2017-02-07,19.6,19.6,19.1,19.25,66217,2594
2017-02-08,19.15,19.5,18.95,19.1,60054,2594
2017-02-09,19.05,19.15,18.85,19.05,35681,2594
2017-02-10,19.05,19.25,18.85,19.05,50047,2594
2017-02-13,19.2,19.64,19.05,19.2,46882,2594
2017-02-14,19.1,19.45,19.05,19.35,28528,2594
2017-02-15,19.3,19.5,19.1,19.45,61462,2594
2017-02-16,19.15,19.65,19.15,19.55,83850,2594
2017-02-17,19.55,19.55,18.8,19.2,78562,2594
2017-02-21,19.15,19.275,18.85,19.05,108920,2594
2017-02-22,19.05,19.35,18.75,19.1,77155,2594
2017-02-23,19.05,19.2,18.9,19.0,68386,2594
2017-02-24,18.75,18.95,18.1,18.4,142618,2594
2017-02-27,18.35,18.6,17.9,18.15,100606,2594
2017-02-28,17.85,18.15,17.8,18.0,416089,2594
2017-03-01,18.15,18.85,17.475,18.8,273391,2594
2017-03-02,18.65,18.85,18.55,18.8,58228,2594
2017-03-03,18.5,18.9501,18.5,18.9,31980,2594
2017-03-06,18.725,18.85,18.65,18.8,27629,2594
2017-03-07,18.7,18.75,18.55,18.7,107476,2594
2017-03-08,18.85,18.85,18.425,18.55,90585,2594
2017-03-09,18.55,18.65,18.25,18.4,51446,2594
2017-03-10,18.25,18.45,18.05,18.2,36988,2594
2017-03-13,18.2,18.25,18.05,18.1,27091,2594
2017-03-14,17.9,18.05,17.85,18.0,34663,2594
2017-03-15,18.3,18.375,18.0,18.35,67941,2594
2017-03-16,18.35,18.5,18.15,18.25,40525,2594
2017-03-17,18.1,18.45,18.1,18.35,83863,2594
2017-03-20,18.4,18.4,18.15,18.2,19885,2594
2017-03-21,18.3,18.3,17.8,18.0,80506,2594
2017-03-22,17.95,18.1,17.85,18.05,72688,2594
2017-03-23,18.2,18.3,18.1,18.15,26185,2594
2017-03-24,18.2,18.25,18.1,18.2,25030,2594
2017-03-27,18.2,18.4,17.95,18.4,23078,2594
2017-03-28,18.3,18.5,18.2,18.5,24743,2594
2017-03-29,18.45,18.8,18.4,18.75,29394,2594
2017-03-30,18.8,19.45,18.75,19.1,122962,2594
2017-03-31,19.1,19.2,18.9,18.95,51800,2594
2017-04-03,19.0,19.25,19.0,19.1,32433,2594
2017-04-04,19.1,19.2,18.95,19.05,69954,2594
2017-04-05,19.05,19.1,18.7,18.7,99218,2594
2017-04-06,18.7,19.1,18.6,18.85,192973,2594
2017-04-07,18.75,19.075,18.7,18.9,60442,2594
2017-04-10,18.85,19.1,18.6,18.65,61880,2594
2017-04-11,18.6,18.75,18.5,18.55,38972,2594
2017-04-12,18.5,18.85,18.5,18.6,125948,2594
2017-04-13,18.5,18.5,18.2,18.25,25885,2594
2017-04-17,18.3,18.5,18.2,18.5,25893,2594
2017-04-18,18.3,18.75,18.25,18.55,69266,2594
2017-04-19,18.6,19.0,18.6,18.7,26349,2594
2017-04-20,18.75,18.9,18.65,18.7,51477,2594
2017-04-21,18.75,18.95,18.7,18.85,73344,2594
2017-04-24,19.1,19.4,19.05,19.3,88975,2594
2017-04-25,19.2,19.55,19.2,19.45,60806,2594
2017-04-26,19.25,19.65,19.25,19.45,64568,2594
2017-04-27,19.5,19.55,19.25,19.45,83146,2594
2017-04-28,19.35,19.85,19.0,19.6,114654,2594
2017-05-01,18.95,19.25,18.7,19.0,91668,2594
2017-05-02,18.9,19.0,18.2,18.3,59678,2594
2017-05-03,18.15,18.6,18.15,18.6,73528,2594
2017-05-04,18.55,19.25,18.5,19.15,73393,2594
2017-05-05,19.2,19.35,18.8,19.0,37154,2594
2017-05-08,19.05,19.35,18.9,19.05,38455,2594
2017-05-09,19.05,19.1,18.6,18.75,36715,2594
2017-05-10,18.6,18.6,18.25,18.5,86953,2594
2017-05-11,18.4,18.65,18.4,18.55,54096,2594
2017-05-12,18.45,18.6,18.29,18.4,77985,2594
2017-05-15,18.5,19.2,18.5,19.2,41862,2594
2017-05-16,19.1,19.3,19.025,19.25,81839,2594
2017-05-17,18.95,19.15,18.6,18.65,98951,2594
2017-05-18,18.6,19.1,18.6,19.0,71549,2594
2017-05-19,18.9,19.15,18.9,19.05,67954,2594
2017-05-22,19.1,19.175,18.55,19.1,130479,2594
2017-05-23,19.05,19.45,18.8,19.2,101470,2594
2017-05-24,19.15,19.2,18.4,18.75,163260,2594
2017-05-25,18.75,18.85,18.3,18.8,51338,2594
2017-05-26,18.7,18.95,18.45,18.65,121146,2594
2017-05-30,18.65,18.65,18.3,18.45,67368,2594
2017-05-31,18.5,18.65,18.2,18.55,146899,2594
2017-06-01,18.55,18.8,18.35,18.7,36353,2594
2017-06-02,18.7,19.25,18.65,18.65,94249,2594
2017-06-05,18.75,18.8,18.45,18.55,220421,2594
2017-06-06,18.55,18.55,18.225,18.4,91581,2594
2017-06-07,18.5,18.6,18.3,18.3,52299,2594
2017-06-08,18.35,18.8,18.35,18.65,58559,2594
2017-06-09,18.8,19.45,18.8,19.2,68257,2594
2017-06-12,19.25,19.45,19.0,19.35,129747,2594
2017-06-13,19.35,19.5,19.15,19.375,186287,2594
2017-06-14,19.35,19.4,19.15,19.2,101906,2594
2017-06-15,19.05,19.35,18.95,19.2,89010,2594
2017-06-16,19.2,19.25,18.8,18.85,160304,2594
2017-06-19,19.05,19.1,18.65,18.85,75309,2594
2017-06-20,18.75,18.9,18.55,18.65,75277,2594
2017-06-21,18.7,18.9,18.275,18.5,127693,2594
2017-06-22,18.5,18.8,18.3112,18.65,112454,2594
2017-06-23,18.7,18.7,18.25,18.6,457047,2594
2017-06-26,18.55,18.95,18.35,18.7,78229,2594
2017-06-27,18.7,18.9,18.6,18.8,67772,2594
2017-06-28,18.9,19.25,18.725,18.95,63559,2594
2017-06-29,19.15,19.2,18.8,19.2,74411,2594
2017-06-30,19.15,19.15,18.95,19.0,44086,2594
2017-07-03,19.0,19.35,18.9,19.25,40466,2594
2017-07-05,19.15,19.3,19.0,19.25,45766,2594
2017-07-06,19.15,19.3,18.925,19.05,54226,2594
2017-07-07,19.05,19.3,18.95,19.3,45510,2594
2017-07-10,19.1,19.45,19.0,19.15,95759,2594
2017-07-11,19.1,19.2,18.7,18.8,72985,2594
2017-07-12,18.8,19.0,18.75,18.85,55950,2594
2017-07-13,18.95,18.95,18.4,18.6,48229,2594
2017-07-14,18.4,18.55,18.15,18.55,83417,2594
2017-07-17,18.55,18.95,18.4,18.8,58245,2594
2017-07-18,18.65,18.85,18.475,18.55,74756,2594
2017-07-19,18.5,18.7,18.35,18.5,34487,2594
2017-07-20,18.6,18.7,18.35,18.5,32513,2594
2017-07-21,18.55,18.75,18.4,18.6,55858,2594
2017-07-24,18.7,18.75,18.55,18.65,23058,2594
2017-07-25,18.75,18.9125,18.65,18.85,82167,2594
2017-07-26,18.75,18.9,18.575,18.7,60594,2594
2017-07-27,18.9,18.95,18.55,18.75,39751,2594
2017-07-28,18.5,18.7,18.5,18.65,22317,2594
2017-07-31,18.6,19.4,18.6,19.3,80230,2594
2017-08-01,19.35,19.6,19.25,19.45,150198,2594
2017-08-02,19.4,19.5,19.151,19.25,41852,2594
2017-08-03,19.2,19.3,18.8,19.0,41360,2594
2017-08-04,19.1,19.35,19.0,19.2,40565,2594
2017-08-07,19.1,19.25,18.9,19.0,29850,2594
2017-08-08,18.95,19.45,18.95,19.1,51270,2594
2017-08-09,18.9,19.05,18.8,19.0,45495,2594
2017-08-10,18.85,18.85,18.475,18.6,86509,2594
2017-08-11,18.5,18.7,18.2,18.4,51373,2594
2017-08-14,18.65,18.75,18.5,18.7,40896,2594
2017-08-15,18.8,18.8,18.6,18.7,41787,2594
2017-08-16,18.7,18.8,18.65,18.75,30369,2594
2017-08-17,18.65,18.775,18.45,18.55,64355,2594
2017-08-18,17.75,17.9,16.75,17.2,749587,2594
2017-08-21,17.2,17.525,17.1,17.4,104596,2594
2017-08-22,17.5,17.6,17.4,17.45,131077,2594
2017-08-23,17.3,17.5,17.3,17.5,64311,2594
2017-08-24,17.45,17.55,17.375,17.5,84759,2594
2017-08-25,17.45,17.55,17.375,17.4,79147,2594
2017-08-28,17.4,17.6,17.4,17.5,125194,2594
2017-08-29,17.65,17.8,17.35,17.4,122895,2594
2017-08-30,17.45,17.8,17.4,17.75,89542,2594
2017-08-31,17.8,18.1,17.65,17.95,114804,2594
2017-09-01,17.95,17.95,17.3,17.3,288434,2594
2017-09-05,17.3,17.45,16.9,16.9,115792,2594
2017-09-06,16.95,17.1,16.7,16.95,93190,2594
2017-09-07,16.9,16.95,16.6,16.6,84741,2594
2017-09-08,16.65,16.95,16.5,16.8,83214,2594
2017-09-11,17.0,17.3,16.75,17.15,46281,2594
2017-09-12,17.15,17.3,17.05,17.15,50450,2594
2017-09-13,17.15,17.6,16.85,17.35,43539,2594
2017-09-14,17.25,17.9,15.3645,17.7,80257,2594
2017-09-15,17.5,18.0,17.2,17.7,187116,2594
2017-09-18,17.65,18.1,17.4,17.65,119415,2594
2017-09-19,17.65,17.8,17.525,17.6,81774,2594
2017-09-20,17.6,18.05,17.55,17.8,63100,2594
2017-09-21,17.8,18.1,17.8,18.0,105269,2594
2017-09-22,17.95,18.0,17.85,17.9,60553,2594
2017-09-25,17.9,18.0,17.8,17.95,48527,2594
2017-09-26,18.0,18.2,17.7,18.2,175686,2594
2017-09-27,18.15,18.25,17.9,17.95,229757,2594
2017-09-28,17.7,18.4,17.6,18.2,93965,2594
2017-09-29,18.25,18.25,17.95,18.15,122044,2594
2017-10-02,18.25,18.3,18.1,18.3,93272,2594
2017-10-03,18.3,18.6,18.25,18.5,121553,2594
2017-10-04,18.45,18.6,18.4,18.5,50483,2594
2017-10-05,18.5,19.0,18.5,18.85,73762,2594
2017-10-06,18.8,18.95,18.4,18.8,95985,2594
2017-10-09,18.8,18.8,18.35,18.6,104341,2594
2017-10-10,18.65,18.75,18.5001,18.75,87653,2594
2017-10-11,18.7,18.75,18.425,18.65,48719,2594
2017-10-12,18.65,18.75,18.45,18.55,64707,2594
2017-10-13,18.4,18.55,18.35,18.45,44292,2594
2017-10-16,18.35,18.6,17.9,18.5,80547,2594
2017-10-17,18.45,18.5,18.1,18.25,32193,2594
2017-10-18,18.2,18.5,18.15,18.2,94503,2594
2017-10-19,18.15,18.25,18.05,18.2,54290,2594
2017-10-20,18.2,18.2,15.2,17.95,120107,2594
2017-10-23,18.0,18.0,17.35,17.5,62065,2594
2017-10-24,17.55,17.55,17.4,17.4,66433,2594
2017-10-25,17.4,17.55,17.25,17.5,70118,2594
2017-10-26,17.5,17.5,17.0,17.45,48157,2594
2017-10-27,15.85,17.55,15.85,17.25,111183,2594
2017-10-30,17.05,17.15,16.5,16.6,95662,2594
2017-10-31,16.65,16.7,16.375,16.45,77174,2594
2017-11-01,16.6,16.7,16.25,16.4,119908,2594
2017-11-02,16.45,16.7,16.35,16.55,91499,2594
2017-11-03,16.6,16.6,16.2,16.45,59185,2594
2017-11-06,16.4,16.6,16.3,16.35,27643,2594
2017-11-07,16.4838,16.4838,15.75,15.9,45325,2594
2017-11-08,15.85,16.0,15.65,15.9,246185,2594
2017-11-09,15.8,16.25,15.8,16.15,163802,2594
2017-11-10,16.2,16.7,16.2,16.475,99637,2594
