Date,Open,High,Low,Close,Volume,stock_id
2015-06-26,12.15,14.87,12.11,14.08,3529100,2543
2015-06-29,13.26,14.24,13.26,13.7,332500,2543
2015-06-30,14.86,14.86,13.82,14.1,98628,2543
2015-07-01,14.8,14.8,13.75,14.0,215800,2543
2015-07-02,14.4,14.4,13.75,13.75,107900,2543
2015-07-06,14.09,14.09,13.5,13.95,19700,2543
2015-07-07,13.73,15.36,13.6,14.57,225000,2543
2015-07-08,14.5,14.5,14.15,14.35,160600,2543
2015-07-09,14.43,14.43,13.91,14.11,58000,2543
2015-07-10,14.36,14.79,14.2,14.79,23200,2543
2015-07-13,14.59,16.96,14.53,16.56,173900,2543
2015-07-14,16.56,16.575,15.48,15.78,69317,2543
2015-07-15,15.58,17.4,15.58,17.35,63031,2543
2015-07-16,17.45,17.45,16.97,17.2,36600,2543
2015-07-17,17.25,17.38,16.5,16.66,84600,2543
2015-07-20,16.74,17.2,16.52,17.02,47600,2543
2015-07-21,16.85,16.85,14.8,14.81,191400,2543
2015-07-22,14.95,15.21,14.0,14.21,123500,2543
2015-07-23,14.46,14.78,14.0,14.31,60000,2543
2015-07-24,14.37,14.96,14.37,14.71,30700,2543
2015-07-27,15.32,15.69,14.0,14.15,47800,2543
2015-07-28,14.28,14.74,14.21,14.7,54900,2543
2015-07-29,14.35,14.86,14.29,14.63,43200,2543
2015-07-30,14.74,15.0,14.2,14.8,50500,2543
2015-07-31,15.35,15.35,14.4,14.84,62500,2543
2015-08-03,15.0,16.469,14.54,15.36,172017,2543
2015-08-04,15.66,15.66,14.8,15.05,81400,2543
2015-08-05,15.54,15.54,14.61,15.35,108300,2543
2015-08-06,15.84,16.06,15.32,15.36,121639,2543
2015-08-07,16.0,16.8,15.32,15.64,128200,2543
2015-08-10,16.0,16.64,14.61,16.32,159600,2543
2015-08-11,16.1,16.75,15.32,16.66,36188,2543
2015-08-12,16.59,16.59,15.5,15.87,43100,2543
2015-08-13,15.97,16.7,15.97,16.4,23000,2543
2015-08-14,16.34,16.79,15.96,16.75,83600,2543
2015-08-17,16.55,17.93,16.41,17.43,73500,2543
2015-08-18,17.45,17.98,17.17,17.89,62300,2543
2015-08-19,17.84,18.25,17.4,17.69,98300,2543
2015-08-20,17.41,17.59,16.2,17.18,44600,2543
2015-08-21,16.78,17.14,16.12,16.92,94800,2543
2015-08-24,16.02,16.22,15.0,15.58,85607,2543
2015-08-25,16.31,16.7,15.54,15.78,31700,2543
2015-08-26,16.5,17.79,15.74,17.01,34600,2543
2015-08-27,17.57,17.57,16.63,17.0,69700,2543
2015-08-28,16.81,18.0,16.14,16.3,32200,2543
2015-08-31,16.11,16.19,15.45,16.01,76100,2543
2015-09-01,15.51,15.81,15.11,15.22,57200,2543
2015-09-02,15.71,15.84,15.01,15.7,48500,2543
2015-09-03,15.97,17.43,15.35,16.85,70800,2543
2015-09-04,16.54,17.31,15.45,17.2,33100,2543
2015-09-08,17.2,18.37,16.45,16.84,81500,2543
2015-09-09,16.91,18.03,16.83,17.65,42800,2543
2015-09-10,17.33,18.23,17.22,17.77,45026,2543
2015-09-11,17.61,18.23,17.53,18.23,28000,2543
2015-09-14,18.02,18.48,17.02,17.09,72400,2543
2015-09-15,17.08,17.7,16.61,17.41,53500,2543
2015-09-16,17.33,17.65,16.83,17.0,47600,2543
2015-09-17,16.88,17.87,16.88,17.61,61800,2543
2015-09-18,17.44,18.2,16.83,16.98,392700,2543
2015-09-21,17.14,17.76,16.65,17.75,79200,2543
2015-09-22,17.6,17.92,16.62,17.47,96500,2543
2015-09-23,17.44,17.93,17.1,17.41,79300,2543
2015-09-24,17.33,17.88,17.0,17.79,73088,2543
2015-09-25,17.9,17.9,17.12,17.51,70100,2543
2015-09-28,17.69,17.69,17.07,17.62,134665,2543
2015-09-29,17.49,17.62,16.91,17.1,72300,2543
2015-09-30,17.27,17.39,16.53,16.85,869500,2543
2015-10-01,16.85,17.1,16.24,16.97,106300,2543
2015-10-02,16.83,17.23,16.55,16.77,107000,2543
2015-10-05,16.91,17.38,16.68,17.3,98821,2543
2015-10-06,17.33,17.56,16.93,17.54,63500,2543
2015-10-07,17.45,18.39,17.1,18.3,129400,2543
2015-10-08,18.2,18.81,17.24,18.5,88000,2543
2015-10-09,18.61,19.72,18.36,19.64,78300,2543
2015-10-12,19.66,19.75,19.23,19.52,91076,2543
2015-10-13,19.35,19.93,19.14,19.54,46500,2543
2015-10-14,19.49,19.74,18.93,18.99,82700,2543
2015-10-15,18.99,19.31,18.47,19.0,129300,2543
2015-10-16,19.1,19.26,18.81,18.95,35600,2543
2015-10-19,18.91,19.12,18.71,18.9,43600,2543
2015-10-20,18.89,18.92,18.45,18.88,63527,2543
2015-10-21,18.75,18.75,17.63,17.68,80400,2543
2015-10-22,17.89,18.4,17.57,17.9,61400,2543
2015-10-23,18.11,18.23,17.83,18.04,49300,2543
2015-10-26,18.0,18.7,17.96,18.2,95500,2543
2015-10-27,18.0,18.05,17.0,17.1,64900,2543
2015-10-28,17.37,17.9,17.12,17.76,79000,2543
2015-10-29,17.73,18.08,17.49,17.63,76100,2543
2015-10-30,17.62,18.07,17.24,17.51,84500,2543
2015-11-02,17.6,18.46,17.36,18.22,213978,2543
2015-11-03,18.12,18.35,17.55,17.76,72700,2543
2015-11-04,17.75,17.91,17.29,17.58,30079,2543
2015-11-05,17.65,17.85,16.26,16.85,70800,2543
2015-11-06,16.83,17.25,16.72,17.17,24300,2543
2015-11-09,17.01,17.85,17.006,17.72,59639,2543
2015-11-10,17.9,17.9,16.01,16.46,131100,2543
2015-11-11,16.61,16.78,15.56,15.63,60200,2543
2015-11-12,16.03,16.03,15.35,15.44,42300,2543
2015-11-13,15.38,15.9,15.33,15.39,43100,2543
2015-11-16,15.32,15.91,15.32,15.65,42700,2543
2015-11-17,15.86,15.94,15.51,15.91,30200,2543
2015-11-18,16.02,16.05,15.53,15.99,30200,2543
2015-11-19,15.87,15.99,15.63,15.83,25500,2543
2015-11-20,15.76,16.04,15.61,15.79,35200,2543
2015-11-23,15.74,16.05,15.7,15.91,36800,2543
2015-11-24,15.8,16.05,15.66,15.99,21200,2543
2015-11-25,16.0,17.0,16.0,16.64,38200,2543
2015-11-27,16.75,17.79,16.74,16.75,18100,2543
2015-11-30,16.9,17.13,16.08,16.39,27900,2543
2015-12-01,16.37,16.88,16.19,16.66,24378,2543
2015-12-02,16.22,16.62,15.915,15.96,43874,2543
2015-12-03,16.13,16.25,15.555,15.57,30838,2543
2015-12-04,15.53,15.99,15.53,15.67,26200,2543
2015-12-07,15.67,15.82,15.52,15.64,41600,2543
2015-12-08,15.52,15.85,15.38,15.46,47560,2543
2015-12-09,15.36,15.7,15.31,15.51,24300,2543
2015-12-10,15.45,15.7,15.39,15.49,29800,2543
2015-12-11,15.11,15.73,15.1,15.35,72000,2543
2015-12-14,15.44,15.8,15.33,15.37,34759,2543
2015-12-15,15.55,15.59,15.29,15.43,26100,2543
2015-12-16,15.47,15.7,15.32,15.41,71400,2543
2015-12-17,15.47,15.51,15.21,15.29,74500,2543
2015-12-18,15.29,15.61,15.23,15.25,45600,2543
2015-12-21,15.4,15.5,15.11,15.41,26100,2543
2015-12-22,15.44,15.49,15.12,15.45,22599,2543
2015-12-23,15.54,16.64,15.16,16.43,45700,2543
2015-12-24,16.28,16.9,16.28,16.77,12120,2543
2015-12-28,16.74,16.77,16.34,16.69,17717,2543
2015-12-29,16.71,16.71,15.15,15.42,88317,2543
2015-12-30,15.48,15.5,14.61,14.64,54370,2543
2015-12-31,14.7,15.01,14.51,14.6,40154,2543
2016-01-04,14.52,15.19,13.2401,13.96,110183,2543
2016-01-05,13.9,14.03,13.77,13.95,53271,2543
2016-01-06,13.85,14.0,13.47,13.94,215668,2543
2016-01-07,13.75,14.0,13.48,13.61,123736,2543
2016-01-08,13.63,13.9699,13.51,13.7,93069,2543
2016-01-11,13.8,13.8,13.33,13.43,64207,2543
2016-01-12,13.46,13.49,12.67,13.01,116799,2543
2016-01-13,13.03,13.11,12.4601,12.83,54553,2543
2016-01-14,13.0,13.69,11.6,13.08,155176,2543
2016-01-15,12.83,13.2,12.402,13.16,53503,2543
2016-01-19,13.3,13.3,12.9,13.13,56600,2543
2016-01-20,12.98,13.34,12.63,13.2,40289,2543
2016-01-21,13.32,13.94,13.01,13.24,51611,2543
2016-01-22,13.47,14.0,13.19,13.79,33684,2543
2016-01-25,13.79,13.93,13.098,13.2,23870,2543
2016-01-26,13.16,13.57,13.01,13.22,129598,2543
2016-01-27,13.06,13.69,12.81,13.15,90972,2543
2016-01-28,13.08,13.28,13.0,13.21,21099,2543
2016-01-29,13.33,13.625,12.91,13.39,54930,2543
2016-02-01,13.32,13.32,13.06,13.13,28562,2543
2016-02-02,13.0,13.1,12.69,13.02,50761,2543
2016-02-03,13.29,13.31,12.6,13.06,100996,2543
2016-02-04,12.76,13.74,12.75,13.39,74204,2543
2016-02-05,13.2,13.24,12.78,13.09,216187,2543
2016-02-08,12.92,13.05,12.63,13.02,127335,2543
2016-02-09,12.87,13.18,12.72,12.95,78541,2543
2016-02-10,12.99,13.54,12.68,12.76,28879,2543
2016-02-11,12.72,12.96,12.55,12.75,35585,2543
2016-02-12,12.88,13.0,12.61,12.95,28881,2543
2016-02-16,13.06,14.01,12.95,13.94,85070,2543
2016-02-17,13.91,15.0,13.91,14.33,35673,2543
2016-02-18,14.35,14.73,14.33,14.72,30886,2543
2016-02-19,14.73,14.76,14.18,14.22,29161,2543
2016-02-22,14.26,14.28,13.84,13.86,24995,2543
2016-02-23,14.21,14.21,11.77,12.16,229221,2543
2016-02-24,11.98,12.09,11.82,11.98,78611,2543
2016-02-25,11.89,12.435,11.89,11.99,72164,2543
2016-02-26,12.0,12.06,11.71,11.77,84983,2543
2016-02-29,11.77,12.05,11.67,11.7,48957,2543
2016-03-01,11.7,12.419,11.58,11.83,71870,2543
2016-03-02,11.8,11.97,11.51,11.82,103410,2543
2016-03-03,11.86,11.97,11.6,11.63,36457,2543
2016-03-04,11.73,11.86,11.47,11.58,101595,2543
2016-03-07,11.48,12.1806,11.07,11.72,74151,2543
2016-03-08,11.58,11.9,11.25,11.61,122322,2543
2016-03-09,11.8,11.8836,11.455,11.69,25133,2543
2016-03-10,11.84,11.9,11.28,11.62,26190,2543
2016-03-11,11.67,11.81,11.481,11.81,50797,2543
2016-03-14,11.97,11.99,11.7,11.92,55290,2543
2016-03-15,12.01,12.01,11.81,11.96,31735,2543
2016-03-16,11.86,12.08,11.86,11.96,42232,2543
2016-03-17,12.02,12.06,11.75,11.98,56103,2543
2016-03-18,12.04,12.77,12.0,12.12,94910,2543
2016-03-21,12.26,12.29,11.75,11.79,33862,2543
2016-03-22,11.86,12.0,11.86,11.89,16533,2543
2016-03-23,11.96,12.09,11.89,12.09,32058,2543
2016-03-24,11.99,12.16,11.6937,12.0,27240,2543
2016-03-28,11.9,12.18,11.76,12.12,23314,2543
2016-03-29,12.0,12.33,12.0,12.23,37504,2543
2016-03-30,12.19,12.33,12.08,12.23,24219,2543
2016-03-31,12.23,12.3,12.064,12.24,21003,2543
2016-04-01,12.14,12.26,12.09,12.19,29219,2543
2016-04-04,12.43,12.43,12.14,12.19,13662,2543
2016-04-05,12.13,12.26,12.1,12.16,26241,2543
2016-04-06,12.18,12.38,12.07,12.18,20555,2543
2016-04-07,12.14,12.27,12.07,12.22,22306,2543
2016-04-08,12.24,12.33,12.1647,12.3,13749,2543
2016-04-11,12.3,12.415,12.21,12.3,19426,2543
2016-04-12,12.33,12.46,12.25,12.37,23950,2543
2016-04-13,12.37,12.38,12.28,12.37,41840,2543
2016-04-14,12.31,12.38,12.29,12.35,12978,2543
2016-04-15,12.35,12.41,12.25,12.31,10439,2543
2016-04-18,12.33,12.7,12.25,12.64,90505,2543
2016-04-19,12.73,13.25,12.63,12.97,114318,2543
2016-04-20,12.93,13.16,12.75,13.02,16026,2543
2016-04-21,12.9899,13.22,12.915,12.96,10739,2543
2016-04-22,12.88,13.19,12.81,12.87,15257,2543
2016-04-25,12.99,13.09,12.22,12.6,31520,2543
2016-04-26,12.75,13.15,12.5,13.1,25155,2543
2016-04-27,13.15,13.24,12.77,13.15,32617,2543
2016-04-28,13.04,13.095,12.76,12.78,14750,2543
2016-04-29,12.75,12.75,12.25,12.54,84125,2543
2016-05-02,12.51,12.955,12.09,12.69,68077,2543
2016-05-03,12.68,12.95,12.25,12.36,67568,2543
2016-05-04,12.25,12.55,12.2,12.3,43211,2543
2016-05-05,12.49,12.59,12.18,12.22,33694,2543
2016-05-06,12.26,12.35,12.07,12.35,28282,2543
2016-05-09,12.5,12.76,12.22,12.35,38965,2543
2016-05-10,12.25,12.75,12.25,12.5,82996,2543
2016-05-11,12.5,12.7999,12.31,12.48,42864,2543
2016-05-12,12.55,12.68,12.29,12.52,42212,2543
2016-05-13,12.27,12.81,12.185,12.7,108474,2543
2016-05-16,12.75,13.0,12.395,12.55,48840,2543
2016-05-17,12.51,13.15,12.39,12.99,385844,2543
2016-05-18,13.01,13.53,12.82,13.34,40451,2543
2016-05-19,13.3,13.57,12.97,13.08,14911,2543
2016-05-20,13.18,13.44,12.92,13.43,27260,2543
2016-05-23,13.36,13.71,13.14,13.51,136354,2543
2016-05-24,13.49,13.68,13.35,13.59,27631,2543
2016-05-25,13.7,13.75,13.4,13.67,52373,2543
2016-05-26,13.62,13.7,13.435,13.54,20984,2543
2016-05-27,13.65,13.99,13.64,13.81,34942,2543
2016-05-31,13.81,13.99,13.8,13.95,18169,2543
2016-06-01,13.98,14.23,13.88,14.19,25508,2543
2016-06-02,14.08,14.35,13.88,14.32,30443,2543
2016-06-03,14.42,14.78,14.26,14.6,32295,2543
2016-06-06,14.52,15.18,14.44,15.01,40972,2543
2016-06-07,14.92,15.02,14.76,14.91,23574,2543
2016-06-08,14.93,15.06,14.68,14.95,20573,2543
2016-06-09,14.84,15.232,14.5314,15.08,27682,2543
2016-06-10,14.93,15.21,14.6,14.8,27228,2543
2016-06-13,14.68,15.16,14.3511,15.09,43027,2543
2016-06-14,15.07,15.57,14.33,14.56,29391,2543
2016-06-15,14.55,14.63,14.1602,14.31,27068,2543
2016-06-16,14.17,14.59,13.36,14.46,25912,2543
2016-06-17,14.5,15.09,13.98,15.09,35777,2543
2016-06-20,15.06,15.06,14.53,14.66,24393,2543
2016-06-21,14.6,14.73,14.19,14.62,11635,2543
2016-06-22,14.54,14.94,13.924,14.46,37684,2543
2016-06-23,14.57,14.83,14.2,14.75,21777,2543
2016-06-24,14.18,14.48,13.555,13.98,38650,2543
2016-06-27,13.8,13.95,13.34,13.46,30408,2543
2016-06-28,13.53,14.0,13.53,13.66,28883,2543
2016-06-29,13.75,13.98,13.5,13.92,17988,2543
2016-06-30,13.87,14.41,13.67,14.41,29232,2543
2016-07-01,14.32,14.9699,14.115,14.63,11799,2543
2016-07-05,14.58,14.91,14.18,14.33,15708,2543
2016-07-06,14.37,14.455,14.1401,14.27,7970,2543
2016-07-07,14.35,14.46,14.14,14.31,14368,2543
2016-07-08,14.4,14.7,14.3,14.62,15522,2543
2016-07-11,14.7,14.7,14.46,14.62,12230,2543
2016-07-12,14.6999,15.0,14.6,14.98,20925,2543
2016-07-13,14.8999,15.0,14.7,14.98,14443,2543
2016-07-14,15.0,15.0,14.68,14.81,15866,2543
2016-07-15,14.91,15.12,14.65,15.06,17565,2543
2016-07-18,15.14,15.4,14.99,15.17,8219,2543
2016-07-19,15.08,15.48,14.87,15.35,19971,2543
2016-07-20,15.3999,15.5,14.98,15.19,14857,2543
2016-07-21,15.1,15.36,15.01,15.27,18184,2543
2016-07-22,15.18,15.5,15.12,15.24,10108,2543
2016-07-25,15.1,15.345,14.9,14.97,24452,2543
2016-07-26,15.06,15.49,14.79,15.38,13288,2543
2016-07-27,15.33,16.19,15.27,16.12,52478,2543
2016-07-28,16.04,16.2,15.8399,16.07,15424,2543
2016-07-29,16.11,16.17,15.62,16.03,13961,2543
2016-08-01,15.96,16.2,15.82,16.15,24816,2543
2016-08-02,16.2,16.2,16.0,16.11,7836,2543
2016-08-03,16.22,16.87,16.2,16.69,52159,2543
2016-08-04,16.47,16.9434,16.32,16.65,23537,2543
2016-08-05,16.74,16.88,16.26,16.74,49025,2543
2016-08-08,16.7,16.999,16.0999,16.93,74210,2543
2016-08-09,17.0,17.99,16.26,17.99,106562,2543
2016-08-10,18.0,18.0,16.02,17.98,22714,2543
2016-08-11,17.86,18.28,17.86,18.19,64800,2543
2016-08-12,18.0,18.39,18.0,18.19,19052,2543
2016-08-15,17.97,18.28,17.97,18.15,25438,2543
2016-08-16,18.0,18.42,17.97,18.23,51419,2543
2016-08-17,18.34,18.3999,18.19,18.24,14230,2543
2016-08-18,18.15,18.4099,18.0664,18.28,14776,2543
2016-08-19,18.2,18.45,18.05,18.19,24065,2543
2016-08-22,18.13,18.33,18.13,18.29,16196,2543
2016-08-23,18.31,18.54,18.215,18.32,21188,2543
2016-08-24,18.21,18.5699,18.19,18.42,17911,2543
2016-08-25,18.53,18.79,18.41,18.5,13965,2543
2016-08-26,18.61,18.84,18.15,18.5,10158,2543
2016-08-29,18.7,18.9199,18.6,18.68,20758,2543
2016-08-30,18.69,18.91,18.49,18.59,4451,2543
2016-08-31,18.63,18.9817,18.18,18.42,8266,2543
2016-09-01,18.28,18.75,17.51,18.35,31265,2543
2016-09-02,18.68,18.68,18.31,18.45,12691,2543
2016-09-06,18.58,18.7,18.52,18.62,22482,2543
2016-09-07,18.69,19.0,18.69,18.91,10484,2543
2016-09-08,18.93,18.9943,18.57,18.94,10071,2543
2016-09-09,18.94,18.94,18.24,18.24,25907,2543
2016-09-12,18.15,19.0,17.912,19.0,25976,2543
2016-09-13,18.85,19.2,18.31,18.63,23709,2543
2016-09-14,18.5938,19.78,18.459,19.74,29765,2543
2016-09-15,19.65,19.86,19.015,19.65,20275,2543
2016-09-16,19.82,19.9752,19.13,19.19,59979,2543
2016-09-19,19.3,19.3,18.87,18.99,16465,2543
2016-09-20,19.15,19.71,19.08,19.47,16283,2543
2016-09-21,19.51,19.72,19.43,19.6,16736,2543
2016-09-22,19.57,19.78,19.41,19.64,20735,2543
2016-09-23,19.9178,19.9178,19.63,19.66,10218,2543
2016-09-26,19.35,19.66,19.095,19.16,8792,2543
2016-09-27,19.255,19.5,19.11,19.39,10569,2543
2016-09-28,19.51,19.78,19.34,19.68,8378,2543
2016-09-29,19.58,19.68,19.07,19.11,14796,2543
2016-09-30,19.42,19.595,19.19,19.32,9338,2543
2016-10-03,19.31,19.31,18.62,18.73,16030,2543
2016-10-04,18.73,19.04,18.27,19.04,17566,2543
2016-10-05,19.07,19.16,18.88,18.93,14236,2543
2016-10-06,19.02,19.08,18.73,19.04,10934,2543
2016-10-07,18.83,19.08,18.8,19.0,8355,2543
2016-10-10,19.22,19.22,18.81,19.01,20863,2543
2016-10-11,19.05,19.05,18.62,18.78,7495,2543
2016-10-12,18.7,18.98,18.7,18.86,7879,2543
2016-10-13,18.7,18.87,18.39,18.68,11507,2543
2016-10-14,18.59,19.21,18.4,19.02,27879,2543
2016-10-17,19.0,19.31,18.75,18.9,18121,2543
2016-10-18,18.96,19.04,18.76,19.01,7741,2543
2016-10-19,18.98,19.32,18.96,19.14,16982,2543
2016-10-20,19.1,19.3599,19.03,19.08,14714,2543
2016-10-21,19.05,19.19,19.05,19.07,4266,2543
2016-10-24,19.21,19.27,19.1,19.2,6264,2543
2016-10-25,19.32,19.32,19.05,19.05,6891,2543
2016-10-26,19.01,19.2,18.981,19.09,8633,2543
2016-10-27,19.02,19.28,18.97,19.0,11935,2543
2016-10-28,18.96,19.06,18.9,19.01,12322,2543
2016-10-31,19.01,19.25,18.9,19.05,7816,2543
2016-11-01,18.9,19.05,18.9,19.0,19261,2543
2016-11-02,19.0,19.2,18.8,18.9,12545,2543
2016-11-03,19.0,19.0,18.85,18.85,19122,2543
2016-11-04,19.05,19.1,18.75,18.9,27419,2543
2016-11-07,19.15,19.15,18.9,19.1,15083,2543
2016-11-08,19.25,19.75,19.25,19.55,25138,2543
2016-11-09,19.45,19.45,19.05,19.25,24270,2543
2016-11-10,19.3,19.75,19.2,19.7,27057,2543
2016-11-11,19.7,22.0,19.65,22.0,61275,2543
2016-11-14,22.0,22.3196,21.4,21.55,35171,2543
2016-11-15,21.6,22.0305,21.35,21.475,13955,2543
2016-11-16,21.3,22.55,20.15,21.85,15582,2543
2016-11-17,21.75,21.95,21.25,21.55,13863,2543
2016-11-18,21.7,21.975,21.05,21.6,25480,2543
2016-11-21,21.75,22.05,21.4544,21.8,16555,2543
2016-11-22,21.75,22.35,21.7,22.0,30280,2543
2016-11-23,21.75,22.2,21.75,22.0,17178,2543
2016-11-25,22.0,22.05,21.45,21.5,12049,2543
2016-11-28,21.5,22.2,21.5,22.05,8260,2543
2016-11-29,22.15,22.15,21.9,21.9,3618,2543
2016-11-30,22.05,22.1,21.85,21.9,8074,2543
2016-12-01,21.8,22.0,21.082,21.45,17397,2543
2016-12-02,21.25,21.4,20.95,21.0,9532,2543
2016-12-05,21.05,21.75,21.05,21.75,17977,2543
2016-12-06,21.7,22.0,21.4,21.95,15975,2543
2016-12-07,21.85,21.95,21.7,21.85,13034,2543
2016-12-08,21.8,22.25,21.8,21.95,24003,2543
2016-12-09,21.9,22.45,21.9,22.2,22350,2543
2016-12-12,22.0,22.0,21.85,21.9,17249,2543
2016-12-13,22.1,22.695,21.9,21.95,31978,2543
2016-12-14,21.8,22.2,21.8,22.05,16517,2543
2016-12-15,22.2,22.35,21.85,22.25,21155,2543
2016-12-16,22.35,22.75,22.35,22.7,73207,2543
2016-12-19,22.8,23.2,22.8,22.95,25020,2543
2016-12-20,22.9,23.95,22.9,23.9,14184,2543
2016-12-21,23.8,24.5,23.65,24.0,12951,2543
2016-12-22,24.05,24.1,23.1695,23.7,13116,2543
2016-12-23,23.85,23.85,23.4,23.55,8197,2543
2016-12-27,23.45,23.6,23.25,23.4,8742,2543
2016-12-28,23.4,23.65,23.15,23.3,19009,2543
2016-12-29,23.45,23.9,23.45,23.85,13604,2543
2016-12-30,23.95,23.95,23.6,23.85,17524,2543
2017-01-03,23.95,23.95,22.8,23.0,51854,2543
2017-01-04,23.0,23.0,22.45,22.5,18976,2543
2017-01-05,22.6,22.75,22.25,22.4,11571,2543
2017-01-06,22.6,22.9,22.2,22.35,14827,2543
2017-01-09,22.35,22.65,22.2,22.3,10264,2543
2017-01-10,22.25,22.5,22.25,22.4,6212,2543
2017-01-11,22.35,22.65,22.2,22.45,16153,2543
2017-01-12,22.4,22.55,21.6316,22.4,18818,2543
2017-01-13,22.55,22.8,22.2,22.4,16133,2543
2017-01-17,22.15,22.3,21.85,21.9,14170,2543
2017-01-18,22.1,22.45,22.1,22.25,10477,2543
2017-01-19,22.2,22.3,22.0,22.2,4186,2543
2017-01-20,22.1,22.75,21.95,22.7,35617,2543
2017-01-23,22.7,23.0,22.695,22.85,8684,2543
2017-01-24,23.0,23.0,22.5268,22.65,15754,2543
2017-01-25,22.75,23.0,22.75,22.95,8843,2543
2017-01-26,22.95,23.0,22.75,22.9,4680,2543
2017-01-27,22.9,23.3,22.75,23.3,13436,2543
2017-01-30,22.8,23.2,22.75,22.9,6966,2543
2017-01-31,23.0,23.4,22.6045,22.65,13038,2543
2017-02-01,22.75,23.34,22.35,22.9,22449,2543
2017-02-02,22.9,22.9,22.65,22.75,6861,2543
2017-02-03,23.05,23.8,22.805,23.0,29442,2543
2017-02-06,22.8,24.0,22.5325,23.9,34581,2543
2017-02-07,23.85,24.05,23.85,23.9,9295,2543
2017-02-08,24.0,24.0,23.7,23.85,11072,2543
2017-02-09,23.57,24.8,23.525,24.65,16030,2543
2017-02-10,24.8,24.8,23.85,23.9,29508,2543
2017-02-13,24.35,24.4,23.95,24.05,10519,2543
2017-02-14,24.55,24.55,23.75,24.0,9562,2543
2017-02-15,24.15,24.4,23.6,23.7,12986,2543
2017-02-16,23.9,23.9,23.4,23.7,9063,2543
2017-02-17,23.8,24.0,23.65,23.8,15178,2543
2017-02-21,23.95,24.0333,23.6,23.7,5205,2543
2017-02-22,23.65,24.2,23.6,23.85,7532,2543
2017-02-23,23.6,23.945,23.55,23.65,8275,2543
2017-02-24,23.6,24.35,23.6,23.8,10216,2543
2017-02-27,24.075,25.05,23.985,25.05,26107,2543
2017-02-28,26.0,26.0,24.75,24.85,23147,2543
2017-03-01,24.65,24.95,24.5172,24.95,15639,2543
2017-03-02,24.6,24.8653,24.3,24.5,18234,2543
2017-03-03,24.1,24.95,23.8,23.95,81218,2543
2017-03-06,23.95,23.95,23.7,23.75,10523,2543
2017-03-07,23.5,23.9,22.8442,23.6,19152,2543
2017-03-08,23.75,24.75,23.75,24.4,76796,2543
2017-03-09,24.05,24.45,24.05,24.1,14419,2543
2017-03-10,24.1,24.35,23.9,24.2,10563,2543
2017-03-13,24.3514,25.0,24.3514,24.4,26653,2543
2017-03-14,24.5,24.505,24.0,24.5,8610,2543
2017-03-15,24.6,25.25,23.95,25.1,247386,2543
2017-03-16,25.3,26.05,24.71,25.05,64769,2543
2017-03-17,24.8,26.1,24.8,25.95,41306,2543
2017-03-20,25.75,26.05,25.15,25.2,24914,2543
2017-03-21,25.4,25.9,24.45,24.45,23831,2543
2017-03-22,24.3,24.55,23.5,24.2,296696,2543
2017-03-23,24.25,25.75,24.25,25.5,33653,2543
2017-03-24,25.6,25.95,25.4,25.7,25641,2543
2017-03-27,25.85,26.1,25.75,26.0,11520,2543
2017-03-28,25.8,26.2,24.85,26.05,9463,2543
2017-03-29,26.2,26.2,25.9,26.15,15367,2543
2017-03-30,26.25,27.5,26.0,27.5,27817,2543
2017-03-31,27.8,27.9,26.75,27.2,71035,2543
2017-04-03,27.0,28.0,27.0,27.45,27976,2543
2017-04-04,27.55,27.55,27.05,27.15,36889,2543
2017-04-05,27.0,27.2,25.7,25.9,42614,2543
2017-04-06,26.05,26.35,25.55,25.8,56030,2543
2017-04-07,25.95,26.65,25.1602,26.0,40058,2543
2017-04-10,26.1,26.675,25.05,25.7,38591,2543
2017-04-11,25.7,26.1,25.6133,26.0,27469,2543
2017-04-12,25.9,25.9,25.595,25.65,16293,2543
2017-04-13,25.67,25.94,25.3,25.4,21349,2543
2017-04-17,25.05,25.6,25.05,25.3,33495,2543
2017-04-18,25.05,25.8,25.05,25.45,21677,2543
2017-04-19,25.35,25.9,25.2,25.65,19633,2543
2017-04-20,25.75,26.35,25.6,25.9,31455,2543
2017-04-21,25.75,26.2,25.35,26.05,21408,2543
2017-04-24,26.2,26.45,26.1,26.4,16225,2543
2017-04-25,26.4,26.6,26.2,26.4,21804,2543
2017-04-26,26.35,26.75,26.35,26.6,35174,2543
2017-04-27,27.0,27.3,26.75,27.25,33767,2543
2017-04-28,27.3,27.5,26.26,26.55,40198,2543
2017-05-01,26.75,26.75,26.05,26.1,25003,2543
2017-05-02,26.1,26.45,25.65,26.25,27338,2543
2017-05-03,26.15,26.2,25.7,26.1,30345,2543
2017-05-04,26.25,26.25,25.85,26.0,16773,2543
2017-05-05,26.1,26.35,25.55,26.0,59321,2543
2017-05-08,27.0,27.326,26.428,26.9,56201,2543
2017-05-09,26.9,28.575,26.9,28.05,88637,2543
2017-05-10,27.95,28.45,27.504,28.0,63608,2543
2017-05-11,27.8,28.25,27.1,28.25,47342,2543
2017-05-12,28.1,28.3,27.95,28.1,25009,2543
2017-05-15,28.2,28.6589,28.1,28.25,46681,2543
2017-05-16,28.2,29.15,28.2,28.45,38158,2543
2017-05-17,28.15,28.45,27.5,27.65,62954,2543
2017-05-18,27.75,28.3,27.45,27.95,42721,2543
2017-05-19,28.25,28.25,27.65,27.85,32896,2543
2017-05-22,27.65,27.9,27.2,27.85,24945,2543
2017-05-23,27.85,27.9,27.5,27.7,39067,2543
2017-05-24,27.75,27.85,27.65,27.7,22732,2543
2017-05-25,27.9,27.95,27.748,27.825,35000,2543
2017-05-26,28.1,28.7,27.85,28.4,94186,2543
2017-05-30,28.6,28.825,28.3,28.5,82865,2543
2017-05-31,28.7,29.25,28.45,28.65,240413,2543
2017-06-01,28.55,30.15,28.35,29.9,145299,2543
2017-06-02,29.85,31.05,29.85,30.95,133658,2543
2017-06-05,31.0,35.2,31.0,32.0,121493,2543
2017-06-06,32.4,33.0,31.6,31.7,89731,2543
2017-06-07,31.75,32.05,31.3,31.45,73249,2543
2017-06-08,31.5,31.925,31.25,31.4,73409,2543
2017-06-09,31.55,31.75,30.65,31.0,95719,2543
2017-06-12,32.0,32.95,31.35,31.7,213655,2543
2017-06-13,32.2,32.34,31.2,31.4,94553,2543
2017-06-14,31.35,31.7,31.3,31.4,122334,2543
2017-06-15,31.1,31.7,30.8,31.45,181870,2543
2017-06-16,31.25,32.05,31.25,31.8,104691,2543
2017-06-19,31.7,32.4775,31.7,32.35,68296,2543
2017-06-20,32.5,32.9,32.25,32.6,69079,2543
2017-06-21,32.65,32.95,32.05,32.4,65765,2543
2017-06-22,32.45,32.9,32.069,32.55,47513,2543
2017-06-23,32.55,33.6,32.25,33.45,214219,2543
2017-06-26,33.7,34.35,32.555,34.0,207951,2543
2017-06-27,33.85,34.15,33.0,33.3,125909,2543
2017-06-28,33.45,34.2,32.9,34.15,47474,2543
2017-06-29,34.1,34.1,32.0919,32.45,86389,2543
2017-06-30,32.95,34.1,32.25,32.55,192307,2543
2017-07-03,32.8,34.3,31.2,31.45,49923,2543
2017-07-05,31.3,32.95,31.25,31.8,95079,2543
2017-07-06,31.45,32.0,31.15,31.55,195000,2543
2017-07-07,31.75,32.45,31.75,32.15,53880,2543
2017-07-10,32.6,32.9,32.15,32.725,97678,2543
2017-07-11,32.85,33.0,32.3,32.5,79712,2543
2017-07-12,32.65,33.0,32.5,32.9,57374,2543
2017-07-13,32.95,33.54,32.2,33.05,131405,2543
2017-07-14,33.05,33.8,33.05,33.45,101677,2543
2017-07-17,33.55,34.35,33.3,34.3,81292,2543
2017-07-18,34.0,34.7,33.5,34.65,72870,2543
2017-07-19,34.85,35.05,34.5,34.95,80689,2543
2017-07-20,35.2,36.525,34.7,35.8,99858,2543
2017-07-21,35.85,36.2,34.8,35.3,165931,2543
2017-07-24,35.4,35.7,35.05,35.45,63357,2543
2017-07-25,35.2,35.7,34.85,35.35,95885,2543
2017-07-26,35.15,35.4,35.1,35.3,69034,2543
2017-07-27,35.4,35.745,34.7,35.4,208184,2543
2017-07-28,35.15,35.7,34.75,35.6,53337,2543
2017-07-31,35.6,35.8,34.95,34.95,44287,2543
2017-08-01,35.05,35.5,34.75,35.0,101018,2543
2017-08-02,35.0,35.05,33.95,34.55,218351,2543
2017-08-03,34.45,34.7608,33.95,34.45,244619,2543
2017-08-04,34.7,35.85,34.0,35.0,140077,2543
2017-08-07,35.35,36.1,35.0,35.25,187737,2543
2017-08-08,37.0,38.85,36.5,37.8,602402,2543
2017-08-09,37.5,37.5,36.45,36.65,177488,2543
2017-08-10,36.35,36.4,35.6,35.8,355548,2543
2017-08-11,35.85,36.15,35.8,36.0,185210,2543
2017-08-14,36.25,37.35,35.9361,37.2,365713,2543
2017-08-15,37.3,38.4,37.05,38.15,192051,2543
2017-08-16,38.1,39.325,38.0,39.0,106226,2543
2017-08-17,38.75,40.55,38.4,40.05,312405,2543
2017-08-18,39.45,41.3,39.01,41.1,206010,2543
2017-08-21,40.7,41.75,40.2,40.65,177886,2543
2017-08-22,40.75,42.5,40.75,42.2,176193,2543
2017-08-23,42.4,42.45,41.25,41.7,183732,2543
2017-08-24,41.5,42.0,41.375,41.8,142113,2543
2017-08-25,41.9,42.0,41.4,41.8,176350,2543
2017-08-28,41.9,42.0,41.675,42.0,119856,2543
2017-08-29,41.6,41.9,41.15,41.4,208298,2543
2017-08-30,41.25,43.2,41.25,42.2,203933,2543
2017-08-31,42.45,43.15,42.3231,42.9,158515,2543
2017-09-01,42.85,43.397,42.4,43.0,156356,2543
2017-09-05,42.9,43.25,42.25,43.05,188531,2543
2017-09-06,43.0,43.85,42.775,43.55,187264,2543
2017-09-07,43.15,44.75,43.0,44.7,207006,2543
2017-09-08,44.5,45.6,43.85,43.95,205327,2543
2017-09-11,44.6,45.65,44.45,45.35,190313,2543
2017-09-12,45.55,46.0,44.8,45.1,160681,2543
2017-09-13,45.1,45.29,44.15,44.5,109462,2543
2017-09-14,44.45,44.8,44.06,44.3,114455,2543
2017-09-15,44.3,45.1,43.89,44.7,346219,2543
2017-09-18,44.75,45.1253,44.3,44.9,125632,2543
2017-09-19,44.9,45.275,44.75,45.0,139097,2543
2017-09-20,45.05,45.65,44.35,45.4,142066,2543
2017-09-21,45.45,46.45,45.14,46.05,101436,2543
2017-09-22,46.05,46.15,45.65,46.15,130538,2543
2017-09-25,46.15,46.15,45.8,46.1,175528,2543
2017-09-26,46.15,47.0,45.95,46.55,207761,2543
2017-09-27,46.9,48.2177,46.8,48.0,139212,2543
2017-09-28,48.0,48.4,46.3,47.05,254030,2543
2017-09-29,47.5,48.3,47.15,47.95,168989,2543
2017-10-02,48.15,48.95,47.9,48.8,134375,2543
2017-10-03,48.8,49.55,48.8,49.55,165040,2543
2017-10-04,49.65,49.95,49.0,49.55,211129,2543
2017-10-05,49.6,50.05,48.75,49.85,217909,2543
2017-10-06,49.55,50.55,49.16,50.3,130887,2543
2017-10-09,50.8,51.95,50.55,51.1,164189,2543
2017-10-10,51.1,52.25,50.9,50.9,172144,2543
2017-10-11,50.95,52.1741,50.95,51.65,118921,2543
2017-10-12,51.7,51.7,50.6,50.8,150779,2543
2017-10-13,50.5,51.1,50.45,50.7,106790,2543
2017-10-16,50.5,51.1,50.25,50.9,152683,2543
2017-10-17,50.9,51.0,50.15,50.4,113526,2543
2017-10-18,50.45,50.55,49.75,50.0,179401,2543
2017-10-19,49.65,50.0,48.9,49.55,151883,2543
2017-10-20,49.85,50.1,49.1,49.15,190331,2543
2017-10-23,49.45,49.45,48.65,48.75,149414,2543
2017-10-24,48.7,49.04,48.0,48.25,229404,2543
2017-10-25,48.25,49.1,46.5,46.8,229890,2543
2017-10-26,46.3,46.45,40.0,45.75,290794,2543
2017-10-27,45.31,46.5,45.15,46.35,166129,2543
2017-10-30,46.25,46.45,44.9,45.65,132052,2543
2017-10-31,45.7,46.65,45.65,45.9,166296,2543
2017-11-01,45.95,46.25,44.35,45.1,133800,2543
2017-11-02,44.8,45.7,44.1,45.5,164725,2543
2017-11-03,45.65,46.25,44.9,45.8,106876,2543
2017-11-06,45.95,47.0,45.8,46.45,186603,2543
2017-11-07,48.5,48.5,41.2,42.1,415449,2543
2017-11-08,41.95,41.95,40.5,41.55,231761,2543
2017-11-09,41.25,42.4,40.9,41.5,188038,2543
2017-11-10,41.35,42.45,41.2,41.9,157958,2543
