Date,Open,High,Low,Close,Volume,stock_id
2013-06-06,2.6,2.72,2.39,2.45,103702,1442
2013-06-07,2.34,2.4,2.3,2.35,230807,1442
2013-06-10,2.26,2.35,2.26,2.27,77352,1442
2013-06-11,2.25,2.25,2.18,2.2,74975,1442
2013-06-12,2.19,2.28,2.14,2.19,66150,1442
2013-06-13,2.21,2.25,2.18,2.23,56876,1442
2013-06-14,2.21,2.25,2.18,2.19,59945,1442
2013-06-17,2.34,2.45,2.33,2.45,3123956,1442
2013-06-18,2.38,2.4,2.33,2.39,1149406,1442
2013-06-19,2.38,2.41,2.32,2.36,2145716,1442
2013-06-20,2.07,2.32,2.04,2.32,5185499,1442
2013-06-21,2.13,2.35,2.08,2.34,71854450,1442
2013-06-24,2.18,2.19,1.93,2.06,2867028,1442
2013-06-25,2.1,2.11,2.02,2.07,1498431,1442
2013-06-26,1.97,2.04,1.92,1.94,2326601,1442
2013-06-27,1.94,1.97,1.81,1.88,1910945,1442
2013-06-28,1.84,2.15,1.78,2.13,2910554,1442
2013-07-01,2.22,2.82,2.21,2.57,2128493,1442
2013-07-02,2.31,2.33,2.14,2.19,3279155,1442
2013-07-03,2.19,2.25,2.19,2.23,443642,1442
2013-07-05,2.07,2.24,2.06,2.21,1671961,1442
2013-07-08,2.2,2.27,2.19,2.25,1098979,1442
2013-07-09,2.3,2.31,2.25,2.29,917586,1442
2013-07-10,2.27,2.43,2.27,2.35,862678,1442
2013-07-11,2.44,2.54,2.42,2.54,2032156,1442
2013-07-12,2.5,2.52,2.45,2.5,1110050,1442
2013-07-15,2.56,2.56,2.41,2.47,710063,1442
2013-07-16,2.48,2.68,2.46,2.64,1911422,1442
2013-07-17,2.69,2.7,2.45,2.46,1477958,1442
2013-07-18,2.54,2.54,2.44,2.5,864529,1442
2013-07-19,2.52,2.66,2.48,2.64,1242988,1442
2013-07-22,2.8,2.98,2.75,2.91,2807580,1442
2013-07-23,2.89,3.06,2.84,3.0,2140098,1442
2013-07-24,3.0,3.06,2.81,2.89,2834182,1442
2013-07-25,2.85,3.02,2.85,3.0,1876662,1442
2013-07-26,2.99,3.05,2.89,3.05,893427,1442
2013-07-29,3.07,3.07,2.95,3.0,1088897,1442
2013-07-30,3.01,3.01,2.88,2.95,1051370,1442
2013-07-31,2.94,3.03,2.73,2.93,1789504,1442
2013-08-01,2.91,2.94,2.79,2.82,1203880,1442
2013-08-02,2.74,2.82,2.68,2.71,1556765,1442
2013-08-05,2.7,2.77,2.45,2.58,892097,1442
2013-08-06,2.62,2.75,2.56,2.56,1709919,1442
2013-08-07,2.59,2.78,2.58,2.65,969581,1442
2013-08-08,2.7,2.93,2.7,2.93,3426129,1442
2013-08-09,2.87,3.06,2.79,2.98,2272256,1442
2013-08-12,3.08,3.13,3.03,3.11,2519549,1442
2013-08-13,3.09,3.1,2.97,3.0,1603615,1442
2013-08-14,3.02,3.19,2.99,3.19,3362594,1442
2013-08-15,3.14,3.46,3.05,3.45,4388601,1442
2013-08-16,3.52,3.58,3.26,3.3,2420228,1442
2013-08-19,3.2,3.2,2.85,2.86,8260667,1442
2013-08-20,2.88,3.02,2.85,2.98,18102744,1442
2013-08-21,2.95,2.96,2.82,2.84,3372766,1442
2013-08-22,2.89,2.89,2.81,2.85,1566020,1442
2013-08-23,2.88,2.94,2.83,2.94,1911245,1442
2013-08-26,2.95,2.97,2.88,2.95,1290757,1442
2013-08-27,3.01,3.05,2.76,2.76,3294852,1442
2013-08-28,2.82,2.88,2.63,2.67,4180596,1442
2013-08-29,2.67,2.8,2.61,2.77,3845789,1442
2013-08-30,2.69,2.76,2.65,2.66,1332633,1442
2013-09-03,2.7,2.76,2.64,2.67,1926883,1442
2013-09-04,2.65,2.77,2.61,2.72,3031008,1442
2013-09-05,2.7,2.76,2.58,2.58,2250141,1442
2013-09-06,2.67,2.75,2.64,2.73,1278813,1442
2013-09-09,2.78,2.78,2.64,2.64,1205758,1442
2013-09-10,2.6,2.66,2.56,2.61,1955493,1442
2013-09-11,2.61,2.64,2.52,2.58,3133475,1442
2013-09-12,2.48,2.5,2.41,2.41,3081729,1442
2013-09-13,2.41,2.59,2.41,2.54,1935945,1442
2013-09-16,2.57,2.61,2.49,2.51,2684475,1442
2013-09-17,2.49,2.61,2.49,2.59,2619400,1442
2013-09-18,2.56,2.95,2.53,2.85,5766106,1442
2013-09-19,2.94,2.96,2.75,2.82,3258395,1442
2013-09-20,2.74,2.77,2.57,2.57,29179954,1442
2013-09-23,2.63,2.66,2.51,2.52,2014832,1442
2013-09-24,2.5,2.6,2.48,2.56,2972960,1442
2013-09-25,2.6,2.7,2.54,2.58,1997917,1442
2013-09-26,2.59,2.62,2.47,2.53,2031121,1442
2013-09-27,2.57,2.6,2.52,2.54,1181921,1442
2013-09-30,2.5,2.56,2.46,2.48,1710255,1442
2013-10-01,2.43,2.48,2.39,2.41,1743875,1442
2013-10-02,2.44,2.51,2.4,2.42,1944845,1442
2013-10-03,2.4,2.46,2.37,2.39,1434912,1442
2013-10-04,2.37,2.4,2.29,2.31,1252933,1442
2013-10-07,2.39,2.46,2.34,2.46,1924216,1442
2013-10-08,2.47,2.49,2.32,2.36,1806367,1442
2013-10-09,2.31,2.36,2.25,2.29,1401461,1442
2013-10-10,2.29,2.32,2.23,2.23,1422027,1442
2013-10-11,2.21,2.25,2.17,2.2,1153244,1442
2013-10-14,2.25,2.25,2.06,2.13,1103613,1442
2013-10-15,2.13,2.26,2.13,2.24,1476858,1442
2013-10-16,2.25,2.26,2.17,2.17,948518,1442
2013-10-17,2.27,2.43,2.27,2.37,1748000,1442
2013-10-18,2.4,2.41,2.33,2.34,735550,1442
2013-10-21,2.35,2.43,2.35,2.43,1060411,1442
2013-10-22,2.45,2.61,2.44,2.6,3734001,1442
2013-10-23,2.56,2.63,2.46,2.47,1245200,1442
2013-10-24,2.55,2.64,2.53,2.61,790869,1442
2013-10-25,2.6,2.7,2.59,2.68,1091912,1442
2013-10-28,2.66,2.76,2.64,2.73,1107816,1442
2013-10-29,2.69,2.75,2.57,2.61,734505,1442
2013-10-30,2.68,2.68,2.45,2.56,1276261,1442
2013-10-31,2.46,2.55,2.43,2.47,1436900,1442
2013-11-01,2.47,2.48,2.38,2.41,1012602,1442
2013-11-04,2.37,2.47,2.36,2.41,1440646,1442
2013-11-05,2.43,2.46,2.36,2.39,796603,1442
2013-11-06,2.45,2.45,2.39,2.4,478517,1442
2013-11-07,2.4,2.4,2.28,2.34,852849,1442
2013-11-08,2.24,2.34,2.23,2.31,1917904,1442
2013-11-11,2.25,2.31,2.25,2.29,1722921,1442
2013-11-12,2.29,2.3,2.19,2.19,2044346,1442
2013-11-13,2.25,2.26,2.21,2.22,1453883,1442
2013-11-14,2.3,2.38,2.27,2.33,1997296,1442
2013-11-15,2.4,2.4,2.26,2.31,1010860,1442
2013-11-18,2.32,2.32,2.19,2.21,1224802,1442
2013-11-19,2.22,2.25,2.19,2.21,443885,1442
2013-11-20,2.17,2.19,2.07,2.1,2759135,1442
2013-11-21,2.06,2.12,2.03,2.06,2723582,1442
2013-11-22,2.07,2.12,2.03,2.04,1112007,1442
2013-11-25,2.0,2.06,1.96,2.05,1879125,1442
2013-11-26,2.09,2.09,1.94,1.96,2838945,1442
2013-11-27,1.99,2.02,1.97,1.98,1125496,1442
2013-11-29,2.04,2.1,2.04,2.08,618215,1442
2013-12-02,2.04,2.06,1.92,1.94,2955149,1442
2013-12-03,1.91,1.93,1.85,1.9,3129575,1442
2013-12-04,1.91,2.01,1.9,1.98,3698429,1442
2013-12-05,1.95,1.98,1.9,1.93,1354627,1442
2013-12-06,1.96,2.03,1.95,1.99,1557999,1442
2013-12-09,1.99,2.03,1.98,2.02,928281,1442
2013-12-10,2.1,2.19,2.1,2.16,1802830,1442
2013-12-11,2.18,2.18,2.02,2.02,1899540,1442
2013-12-12,2.02,2.09,1.98,2.07,1627544,1442
2013-12-13,2.08,2.14,2.05,2.08,1231641,1442
2013-12-16,2.09,2.18,2.05,2.14,2213991,1442
2013-12-17,2.11,2.13,2.05,2.11,1003022,1442
2013-12-18,2.12,2.16,2.04,2.04,1724481,1442
2013-12-19,2.01,2.02,1.93,2.02,1591035,1442
2013-12-20,1.99,2.08,1.96,2.08,6611570,1442
2013-12-23,1.98,2.07,1.98,2.04,738555,1442
2013-12-24,2.03,2.15,2.01,2.15,706309,1442
2013-12-26,2.25,2.27,2.14,2.18,422292,1442
2013-12-27,2.13,2.17,2.11,2.14,699097,1442
2013-12-30,2.13,2.13,2.0,2.02,1339346,1442
2013-12-31,1.98,2.07,1.98,2.02,1090983,1442
2014-01-02,2.11,2.2,2.11,2.14,2215945,1442
2014-01-03,2.19,2.19,2.14,2.14,900183,1442
2014-01-06,2.17,2.27,2.17,2.2,1186879,1442
2014-01-07,2.19,2.22,2.15,2.2,765827,1442
2014-01-08,2.16,2.18,2.06,2.06,1050119,1442
2014-01-09,2.07,2.09,2.02,2.07,1002379,1442
2014-01-10,2.08,2.15,2.05,2.1,1754097,1442
2014-01-13,2.12,2.29,2.1,2.25,1692072,1442
2014-01-14,2.19,2.27,2.16,2.24,1339507,1442
2014-01-15,2.19,2.29,2.17,2.27,815812,1442
2014-01-16,2.27,2.33,2.27,2.31,886927,1442
2014-01-17,2.32,2.51,2.32,2.5,1059553,1442
2014-01-21,2.38,2.49,2.36,2.48,2271504,1442
2014-01-22,2.52,2.52,2.36,2.38,2021327,1442
2014-01-23,2.45,2.48,2.42,2.43,1405406,1442
2014-01-24,2.47,2.5,2.3,2.44,1414580,1442
2014-01-27,2.43,2.43,2.25,2.27,1545950,1442
2014-01-28,2.27,2.32,2.22,2.32,1510082,1442
2014-01-29,2.39,2.41,2.26,2.41,1506927,1442
2014-01-30,2.34,2.37,2.32,2.35,914928,1442
2014-01-31,2.38,2.39,2.3,2.33,1429431,1442
2014-02-03,2.4,2.5,2.38,2.45,1461803,1442
2014-02-04,2.41,2.52,2.41,2.49,1190322,1442
2014-02-05,2.53,2.6,2.51,2.55,1426719,1442
2014-02-06,2.58,2.6,2.47,2.5,1219396,1442
2014-02-07,2.5,2.55,2.48,2.55,1638664,1442
2014-02-10,2.6,2.62,2.53,2.56,1560040,1442
2014-02-11,2.58,2.69,2.56,2.66,2988415,1442
2014-02-12,2.68,2.7,2.54,2.57,2388042,1442
2014-02-13,2.58,2.7,2.53,2.7,2404838,1442
2014-02-14,2.75,2.79,2.69,2.78,1486845,1442
2014-02-18,2.78,2.82,2.72,2.82,1971865,1442
2014-02-19,2.81,2.83,2.67,2.71,2577968,1442
2014-02-20,2.73,2.88,2.72,2.88,1975941,1442
2014-02-21,2.9,2.9,2.78,2.89,1701751,1442
2014-02-24,2.9,2.9,2.86,2.87,1125387,1442
2014-02-25,2.85,2.93,2.82,2.92,2299758,1442
2014-02-26,2.86,2.92,2.81,2.91,2027532,1442
2014-02-27,2.9,2.93,2.84,2.84,1806714,1442
2014-02-28,2.87,2.91,2.84,2.87,1618345,1442
2014-03-03,2.93,3.0,2.9,2.94,1529055,1442
2014-03-04,2.88,2.98,2.86,2.98,1054934,1442
2014-03-05,2.97,3.05,2.95,3.04,1625309,1442
2014-03-06,3.1,3.16,3.03,3.13,1349083,1442
2014-03-07,3.06,3.09,3.0,3.04,2104268,1442
2014-03-10,3.03,3.04,2.91,2.95,1779272,1442
2014-03-11,2.98,3.02,2.92,2.94,1239412,1442
2014-03-12,2.98,3.02,2.94,3.0,1746306,1442
2014-03-13,3.0,3.22,2.96,3.21,3467611,1442
2014-03-14,3.28,3.33,3.05,3.1,3995832,1442
2014-03-17,3.13,3.18,3.01,3.03,2539598,1442
2014-03-18,2.94,2.96,2.87,2.87,2284141,1442
2014-03-19,2.86,2.89,2.72,2.72,3437330,1442
2014-03-20,2.7,2.83,2.67,2.76,2901170,1442
2014-03-21,2.83,2.86,2.74,2.76,4372629,1442
2014-03-24,2.74,2.75,2.59,2.63,4121872,1442
2014-03-25,2.67,2.79,2.64,2.69,1927481,1442
2014-03-26,2.71,2.75,2.59,2.62,1567600,1442
2014-03-27,2.62,2.7,2.56,2.7,2028573,1442
2014-03-28,2.68,2.81,2.63,2.75,1839787,1442
2014-03-31,2.79,2.82,2.67,2.69,1422645,1442
2014-04-01,2.74,2.79,2.66,2.67,1232484,1442
2014-04-02,2.75,2.83,2.75,2.81,2325172,1442
2014-04-03,2.78,2.84,2.76,2.83,1169519,1442
2014-04-04,2.89,2.91,2.79,2.84,1416692,1442
2014-04-07,2.83,2.86,2.75,2.79,1596928,1442
2014-04-08,2.85,2.93,2.82,2.93,1666513,1442
2014-04-09,2.9,2.96,2.86,2.93,1232438,1442
2014-04-10,2.97,2.99,2.82,2.82,1435284,1442
2014-04-11,2.82,2.91,2.75,2.75,1097325,1442
2014-04-14,2.82,2.88,2.79,2.84,893868,1442
2014-04-15,2.69,2.75,2.68,2.71,1298029,1442
2014-04-16,2.73,2.77,2.71,2.72,838098,1442
2014-04-17,2.75,2.75,2.69,2.71,672081,1442
2014-04-21,2.71,2.73,2.65,2.68,860160,1442
2014-04-22,2.73,2.82,2.69,2.82,2321446,1442
2014-04-23,2.85,2.9,2.81,2.9,1678698,1442
2014-04-24,2.82,2.93,2.82,2.85,2963430,1442
2014-04-25,2.89,2.96,2.88,2.96,1577219,1442
2014-04-28,2.96,2.97,2.83,2.83,1229715,1442
2014-04-29,2.86,2.97,2.86,2.93,971079,1442
2014-04-30,2.9,2.95,2.86,2.89,2935989,1442
2014-05-01,2.84,2.85,2.8,2.84,1477169,1442
2014-05-02,2.84,2.9,2.81,2.84,857228,1442
2014-05-05,2.9,2.92,2.84,2.86,662608,1442
2014-05-06,2.85,2.89,2.82,2.82,424601,1442
2014-05-07,2.83,2.84,2.76,2.77,1022342,1442
2014-05-08,2.8,2.84,2.78,2.84,938383,1442
2014-05-09,2.85,2.85,2.73,2.76,1043236,1442
2014-05-12,2.8,2.84,2.77,2.8,1225814,1442
2014-05-13,2.78,2.83,2.76,2.76,587657,1442
2014-05-14,2.8,2.88,2.8,2.85,1348716,1442
2014-05-15,2.81,2.82,2.73,2.76,1153196,1442
2014-05-16,2.71,2.74,2.63,2.63,1087034,1442
2014-05-19,2.68,2.77,2.62,2.65,427090,1442
2014-05-20,2.67,2.73,2.64,2.71,4367833,1442
2014-05-21,2.7,2.78,2.69,2.76,1672281,1442
2014-05-22,2.81,2.81,2.74,2.75,432888,1442
2014-05-23,2.75,2.76,2.7,2.74,799961,1442
2014-05-27,2.7,2.7,2.52,2.52,2648285,1442
2014-05-28,2.56,2.58,2.45,2.5,6623769,1442
2014-05-29,2.46,2.49,2.39,2.45,1642225,1442
2014-05-30,2.41,2.47,2.37,2.42,1899836,1442
2014-06-02,2.42,2.42,2.38,2.4,670754,1442
2014-06-03,2.28,2.34,2.18,2.34,4936368,1442
2014-06-04,2.38,2.38,2.29,2.32,1602191,1442
2014-06-05,2.35,2.35,2.25,2.3,2098355,1442
2014-06-06,2.33,2.33,2.26,2.29,1160072,1442
2014-06-09,2.34,2.34,2.28,2.28,1073768,1442
2014-06-10,2.32,2.37,2.31,2.35,1303500,1442
2014-06-11,2.37,2.51,2.34,2.51,1724568,1442
2014-06-12,2.53,2.73,2.51,2.67,3985942,1442
2014-06-13,2.67,2.69,2.56,2.6,1514468,1442
2014-06-16,2.62,2.62,2.54,2.54,1305303,1442
2014-06-17,2.51,2.58,2.5,2.53,1548825,1442
2014-06-18,2.55,2.67,2.52,2.65,2238142,1442
2014-06-19,2.74,2.89,2.74,2.85,3537884,1442
2014-06-20,2.79,2.89,2.79,2.87,2624193,1442
2014-06-23,2.92,2.94,2.86,2.92,1669676,1442
2014-06-24,2.94,3.03,2.83,2.84,1872885,1442
2014-06-25,2.83,2.93,2.81,2.87,1212737,1442
2014-06-26,2.84,2.91,2.83,2.9,814394,1442
2014-06-27,2.87,2.92,2.81,2.86,994126,1442
2014-06-30,2.84,2.94,2.82,2.92,1059943,1442
2014-07-01,2.95,2.96,2.89,2.92,1163682,1442
2014-07-02,2.94,2.97,2.89,2.9,1965700,1442
2014-07-03,2.86,2.88,2.8,2.85,829489,1442
2014-07-07,2.85,2.86,2.77,2.79,1269838,1442
2014-07-08,2.79,2.82,2.75,2.78,2005127,1442
2014-07-09,2.84,2.91,2.82,2.9,1782885,1442
2014-07-10,2.94,2.97,2.81,2.82,1500117,1442
2014-07-11,2.85,2.89,2.82,2.88,597656,1442
2014-07-14,2.81,2.85,2.78,2.84,1218203,1442
2014-07-15,2.85,2.86,2.71,2.71,1387607,1442
2014-07-16,2.71,2.75,2.69,2.7,1206783,1442
2014-07-17,2.75,2.81,2.7,2.77,1642754,1442
2014-07-18,2.76,2.76,2.71,2.75,1092040,1442
2014-07-21,2.78,2.78,2.69,2.71,517082,1442
2014-07-22,2.7,2.72,2.66,2.68,538918,1442
2014-07-23,2.7,2.71,2.66,2.67,770354,1442
2014-07-24,2.65,2.65,2.57,2.63,1093522,1442
2014-07-25,2.66,2.79,2.62,2.79,1797400,1442
2014-07-28,2.75,2.79,2.74,2.78,1222325,1442
2014-07-29,2.8,2.8,2.71,2.74,1278822,1442
2014-07-30,2.73,2.73,2.64,2.68,732743,1442
2014-07-31,2.65,2.67,2.58,2.59,734963,1442
2014-08-01,2.65,2.66,2.6,2.64,874641,1442
2014-08-04,2.64,2.64,2.54,2.59,743674,1442
2014-08-05,2.61,2.62,2.57,2.62,1073069,1442
2014-08-06,2.7,2.7,2.64,2.67,1151099,1442
2014-08-07,2.67,2.71,2.65,2.68,931558,1442
2014-08-08,2.68,2.7,2.65,2.67,726550,1442
2014-08-11,2.66,2.69,2.64,2.67,1008076,1442
2014-08-12,2.7,2.82,2.68,2.79,2067206,1442
2014-08-13,2.77,2.86,2.75,2.79,1819012,1442
2014-08-14,2.79,2.81,2.67,2.69,1673030,1442
2014-08-15,2.63,2.68,2.59,2.64,1405913,1442
2014-08-18,2.62,2.64,2.57,2.6,1118137,1442
2014-08-19,2.63,2.63,2.55,2.55,819092,1442
2014-08-20,2.58,2.58,2.52,2.54,756909,1442
2014-08-21,2.5,2.53,2.5,2.53,2077359,1442
2014-08-22,2.54,2.54,2.49,2.49,889603,1442
2014-08-25,2.49,2.53,2.39,2.39,1883851,1442
2014-08-26,2.46,2.53,2.45,2.5,1897076,1442
2014-08-27,2.53,2.54,2.5,2.51,1669133,1442
2014-08-28,2.56,2.6,2.53,2.57,1173322,1442
2014-08-29,2.56,2.62,2.56,2.57,2073639,1442
2014-09-02,2.5,2.54,2.46,2.49,2517416,1442
2014-09-03,2.51,2.53,2.43,2.43,1537063,1442
2014-09-04,2.43,2.46,2.34,2.34,1878984,1442
2014-09-05,2.34,2.37,2.29,2.32,3381401,1442
2014-09-08,2.31,2.32,2.23,2.26,2105786,1442
2014-09-09,2.23,2.24,2.16,2.23,2640469,1442
2014-09-10,2.2,2.22,2.16,2.18,4388377,1442
2014-09-11,2.15,2.16,2.08,2.12,3863440,1442
2014-09-12,2.11,2.14,2.08,2.11,3906663,1442
2014-09-15,2.12,2.13,2.04,2.07,4217083,1442
2014-09-16,2.09,2.21,2.03,2.11,3676454,1442
2014-09-17,2.15,2.22,2.1,2.13,2939369,1442
2014-09-18,2.13,2.15,2.08,2.1,1673049,1442
2014-09-19,2.12,2.19,2.08,2.19,4896581,1442
2014-09-22,2.11,2.13,2.02,2.03,3334000,1442
2014-09-23,2.06,2.11,2.0,2.11,4198193,1442
2014-09-24,2.07,2.11,2.05,2.1,1553088,1442
2014-09-25,2.05,2.13,2.03,2.13,1639300,1442
2014-09-26,2.1,2.1,2.02,2.03,2189230,1442
2014-09-29,2.07,2.07,1.98,2.05,1539565,1442
2014-09-30,2.03,2.08,1.99,2.03,2198559,1442
2014-10-01,2.06,2.11,2.04,2.08,2274423,1442
2014-10-02,2.09,2.14,2.07,2.12,1219716,1442
2014-10-03,2.06,2.06,1.84,1.97,5496159,1442
2014-10-06,1.99,2.04,1.96,2.03,1814222,1442
2014-10-07,2.01,2.02,1.92,1.94,3253777,1442
2014-10-08,1.99,2.22,1.96,2.22,5414739,1442
2014-10-09,2.22,2.24,2.1,2.19,5202539,1442
2014-10-10,2.1,2.26,2.1,2.16,3247158,1442
2014-10-13,2.2,2.3,2.14,2.22,1688639,1442
2014-10-14,2.21,2.28,2.18,2.22,3090442,1442
2014-10-15,2.21,2.33,2.21,2.24,2440420,1442
2014-10-16,2.22,2.26,2.19,2.24,1481246,1442
2014-10-17,2.25,2.25,2.03,2.07,2136346,1442
2014-10-20,2.06,2.16,2.06,2.14,1014425,1442
2014-10-21,2.2,2.22,2.12,2.14,1109165,1442
2014-10-22,2.08,2.17,2.06,2.06,2081795,1442
2014-10-23,2.05,2.09,2.0,2.07,1587771,1442
2014-10-24,2.08,2.08,2.02,2.05,1324250,1442
2014-10-27,2.03,2.07,2.01,2.01,944077,1442
2014-10-28,1.98,2.0,1.86,1.91,4752055,1442
2014-10-29,1.9,1.96,1.88,1.9,1682104,1442
2014-10-30,1.88,1.88,1.75,1.77,2342242,1442
2014-10-31,1.66,1.71,1.51,1.67,3576601,1442
2014-11-03,1.66,1.68,1.61,1.62,2310075,1442
2014-11-04,1.62,1.65,1.53,1.55,2021057,1442
2014-11-05,1.46,1.59,1.44,1.46,2405400,1442
2014-11-06,1.48,1.62,1.48,1.52,3049839,1442
2014-11-07,1.59,1.74,1.59,1.74,2695946,1442
2014-11-10,1.74,1.74,1.59,1.64,2683938,1442
2014-11-11,1.63,1.69,1.58,1.64,2962657,1442
2014-11-12,1.66,1.72,1.63,1.67,2387193,1442
2014-11-13,1.67,1.7,1.58,1.58,1951868,1442
2014-11-14,1.55,1.76,1.52,1.71,4581456,1442
2014-11-17,1.7,1.77,1.65,1.76,3524897,1442
2014-11-18,1.81,1.94,1.8,1.94,5277712,1442
2014-11-19,1.91,1.91,1.76,1.78,3705785,1442
2014-11-20,1.8,1.87,1.77,1.83,2188294,1442
2014-11-21,1.89,1.92,1.82,1.82,4644636,1442
2014-11-24,1.84,1.88,1.81,1.83,1258639,1442
2014-11-25,1.82,1.89,1.82,1.87,1928368,1442
2014-11-26,1.86,1.89,1.81,1.82,1331937,1442
2014-11-28,1.7,1.75,1.61,1.61,1107411,1442
2014-12-01,1.73,1.78,1.65,1.74,6598925,1442
2014-12-02,1.71,1.84,1.67,1.84,4587552,1442
2014-12-03,1.85,1.89,1.78,1.78,3619494,1442
2014-12-04,1.79,1.84,1.74,1.75,3544875,1442
2014-12-05,1.7,1.72,1.66,1.71,2119893,1442
2014-12-08,1.71,1.79,1.63,1.72,2721524,1442
2014-12-09,1.81,1.89,1.8,1.8,2500595,1442
2014-12-10,1.78,1.84,1.71,1.73,1743804,1442
2014-12-11,1.7,1.78,1.64,1.74,2863366,1442
2014-12-12,1.72,1.75,1.67,1.73,2686506,1442
2014-12-15,1.72,1.75,1.52,1.52,5624809,1442
2014-12-16,1.62,1.63,1.52,1.55,4489506,1442
2014-12-17,1.58,1.65,1.54,1.57,8292186,1442
2014-12-18,1.65,1.73,1.64,1.73,6479454,1442
2014-12-19,1.68,1.77,1.57,1.58,78206050,1442
2014-12-22,1.65,1.65,1.54,1.54,3289866,1442
2014-12-23,1.57,1.6,1.5,1.5,3167596,1442
2014-12-24,1.51,1.59,1.5,1.56,1082054,1442
2014-12-26,1.64,1.71,1.59,1.6,1778847,1442
2014-12-29,1.6,1.6,1.55,1.58,1507278,1442
2014-12-30,1.63,1.65,1.57,1.59,1763426,1442
2014-12-31,1.61,1.65,1.57,1.62,1892474,1442
2015-01-02,1.59,1.74,1.57,1.73,1232651,1442
2015-01-05,1.76,1.82,1.74,1.82,2039091,1442
2015-01-06,1.8,2.01,1.8,1.96,4766074,1442
2015-01-07,1.91,2.03,1.89,1.96,3701546,1442
2015-01-08,1.94,2.03,1.88,1.9,2026710,1442
2015-01-09,1.93,1.98,1.89,1.94,2793200,1442
2015-01-12,1.97,2.08,1.97,2.05,4565232,1442
2015-01-13,2.06,2.12,1.95,1.97,3993113,1442
2015-01-14,2.02,2.03,1.85,1.88,3708104,1442
2015-01-15,1.98,2.08,1.96,2.0,2605871,1442
2015-01-16,1.98,2.12,1.98,2.1,3585069,1442
2015-01-20,2.2,2.31,2.19,2.31,5359630,1442
2015-01-21,2.37,2.38,2.05,2.2,4950428,1442
2015-01-22,2.24,2.25,2.06,2.1,3138499,1442
2015-01-23,2.05,2.12,2.02,2.03,2515912,1442
2015-01-26,2.01,2.03,1.95,2.02,2580012,1442
2015-01-27,2.03,2.1,2.03,2.09,2599494,1442
2015-01-28,2.04,2.08,1.88,1.92,2678216,1442
2015-01-29,1.86,1.96,1.84,1.94,2101519,1442
2015-01-30,1.94,1.97,1.89,1.96,2345772,1442
2015-02-02,1.9,1.96,1.87,1.91,2214068,1442
2015-02-03,1.88,1.9,1.81,1.82,2698114,1442
2015-02-04,1.86,1.89,1.77,1.85,2175570,1442
2015-02-05,1.84,1.9,1.83,1.9,1166660,1442
2015-02-06,1.82,1.86,1.8,1.8,2120657,1442
2015-02-09,1.81,1.88,1.81,1.84,1207861,1442
2015-02-10,1.86,1.87,1.77,1.77,1619303,1442
2015-02-11,1.79,1.79,1.66,1.67,1407231,1442
2015-02-12,1.71,1.74,1.66,1.7,1275169,1442
2015-02-13,1.73,1.76,1.69,1.69,1438128,1442
2015-02-17,1.68,1.7,1.65,1.67,1075749,1442
2015-02-18,1.68,1.71,1.62,1.7,1922384,1442
2015-02-19,1.69,1.7,1.63,1.64,1802833,1442
2015-02-20,1.63,1.67,1.61,1.62,911938,1442
2015-02-23,1.61,1.65,1.6,1.61,1341010,1442
2015-02-24,1.61,1.64,1.57,1.6,1128071,1442
2015-02-25,1.65,1.65,1.61,1.64,1113294,1442
2015-02-26,1.65,1.67,1.62,1.63,997291,1442
2015-02-27,1.66,1.69,1.63,1.66,1200231,1442
2015-03-02,1.69,1.73,1.64,1.67,2484400,1442
2015-03-03,1.67,1.72,1.63,1.68,6219000,1442
2015-03-04,1.68,1.68,1.63,1.65,2233400,1442
2015-03-05,1.64,1.69,1.63,1.68,4366800,1442
2015-03-06,1.62,1.62,1.54,1.57,5253300,1442
2015-03-09,1.57,1.57,1.47,1.48,1931800,1442
2015-03-10,1.48,1.53,1.42,1.48,2492500,1442
2015-03-11,1.48,1.53,1.41,1.53,1418700,1442
2015-03-12,1.57,1.57,1.45,1.49,1411500,1442
2015-03-13,1.48,1.5,1.39,1.45,2143700,1442
2015-03-16,1.45,1.5,1.41,1.5,3068000,1442
2015-03-17,1.47,1.49,1.41,1.47,2923500,1442
2015-03-18,1.45,1.51,1.4,1.51,3440600,1442
2015-03-19,1.49,1.54,1.47,1.52,2769000,1442
2015-03-20,1.54,1.65,1.54,1.63,9194900,1442
2015-03-23,1.64,1.71,1.61,1.7,1873800,1442
2015-03-24,1.72,1.73,1.65,1.67,990100,1442
2015-03-25,1.7,1.72,1.66,1.66,1239200,1442
2015-03-26,1.7,1.72,1.59,1.59,1239100,1442
2015-03-27,1.58,1.6,1.54,1.57,1724700,1442
2015-03-30,1.54,1.54,1.5,1.5,835700,1442
2015-03-31,1.49,1.52,1.47,1.52,622600,1442
2015-04-01,1.53,1.56,1.48,1.55,2202000,1442
2015-04-02,1.54,1.56,1.51,1.52,1404400,1442
2015-04-06,1.6,1.63,1.57,1.61,1640200,1442
2015-04-07,1.58,1.61,1.55,1.57,1341395,1442
2015-04-08,1.57,1.6,1.54,1.57,2336400,1442
2015-04-09,1.53,1.55,1.51,1.51,1048503,1442
2015-04-10,1.55,1.57,1.53,1.54,920900,1442
2015-04-13,1.53,1.54,1.5,1.51,1051100,1442
2015-04-14,1.52,1.54,1.48,1.5,1402300,1442
2015-04-15,1.51,1.57,1.5,1.54,1107667,1442
2015-04-16,1.61,1.62,1.56,1.58,1651588,1442
2015-04-17,1.58,1.62,1.55,1.56,2034900,1442
2015-04-20,1.55,1.58,1.53,1.58,1492674,1442
2015-04-21,1.58,1.59,1.56,1.57,727480,1442
2015-04-22,1.58,1.59,1.53,1.53,1630545,1442
2015-04-23,1.54,1.59,1.53,1.58,1163300,1442
2015-04-24,1.58,1.59,1.54,1.55,1431600,1442
2015-04-27,1.57,1.61,1.54,1.58,2420400,1442
2015-04-28,1.57,1.65,1.56,1.61,2204600,1442
2015-04-29,1.63,1.7,1.61,1.61,2989900,1442
2015-04-30,1.6,1.6,1.55,1.55,1772300,1442
2015-05-01,1.55,1.58,1.54,1.55,660800,1442
2015-05-04,1.58,1.61,1.57,1.6,1112000,1442
2015-05-05,1.63,1.64,1.59,1.59,1797400,1442
2015-05-06,1.62,1.62,1.56,1.57,3041288,1442
2015-05-07,1.55,1.57,1.53,1.54,1697850,1442
2015-05-08,1.58,1.6,1.55,1.6,714100,1442
2015-05-11,1.58,1.62,1.58,1.59,946500,1442
2015-05-12,1.59,1.66,1.59,1.65,1551718,1442
2015-05-13,1.67,1.75,1.66,1.69,3315200,1442
2015-05-14,1.73,1.79,1.71,1.71,6016000,1442
2015-05-15,1.75,1.79,1.68,1.7,4942225,1442
2015-05-18,1.72,1.79,1.71,1.78,1615058,1442
2015-05-19,1.7,1.72,1.65,1.67,2743100,1442
2015-05-20,1.66,1.79,1.66,1.79,1374100,1442
2015-05-21,1.78,1.79,1.74,1.75,695600,1442
2015-05-22,1.76,1.77,1.73,1.76,677500,1442
2015-05-26,1.68,1.7,1.65,1.68,1915586,1442
2015-05-27,1.65,1.7,1.65,1.7,1313300,1442
2015-05-28,1.68,1.71,1.64,1.71,1437985,1442
2015-05-29,1.7,1.72,1.68,1.7,626000,1442
2015-06-01,1.7,1.76,1.7,1.7,1796200,1442
2015-06-02,1.73,1.77,1.73,1.76,1115110,1442
2015-06-03,1.75,1.77,1.72,1.75,1381500,1442
2015-06-04,1.73,1.73,1.65,1.66,1178900,1442
2015-06-05,1.64,1.66,1.6,1.66,1243600,1442
2015-06-08,1.66,1.71,1.64,1.71,828700,1442
2015-06-09,1.72,1.72,1.63,1.63,1177524,1442
2015-06-10,1.71,1.71,1.63,1.64,1479469,1442
2015-06-11,1.62,1.63,1.57,1.61,1219612,1442
2015-06-12,1.59,1.65,1.58,1.65,1154800,1442
2015-06-15,1.61,1.64,1.59,1.6,3664600,1442
2015-06-16,1.6,1.61,1.54,1.61,2512000,1442
2015-06-17,1.59,1.65,1.55,1.64,2809100,1442
2015-06-18,1.69,1.72,1.64,1.67,3927400,1442
2015-06-19,1.66,1.7,1.63,1.66,9455300,1442
2015-06-22,1.62,1.65,1.6,1.6,1595600,1442
2015-06-23,1.6,1.62,1.58,1.6,887014,1442
2015-06-24,1.59,1.64,1.59,1.63,935300,1442
2015-06-25,1.61,1.63,1.59,1.62,1016700,1442
2015-06-26,1.6,1.61,1.57,1.58,1468600,1442
2015-06-29,1.59,1.59,1.55,1.56,723800,1442
2015-06-30,1.54,1.56,1.52,1.53,1321217,1442
2015-07-01,1.53,1.56,1.5,1.5,675900,1442
2015-07-02,1.51,1.53,1.48,1.53,986300,1442
2015-07-06,1.5,1.57,1.48,1.52,1308700,1442
2015-07-07,1.48,1.49,1.44,1.45,1553600,1442
2015-07-08,1.45,1.49,1.45,1.48,800600,1442
2015-07-09,1.5,1.5,1.45,1.49,1023700,1442
2015-07-10,1.49,1.55,1.47,1.54,5011900,1442
2015-07-13,1.51,1.51,1.46,1.49,2091200,1442
2015-07-14,1.5,1.51,1.47,1.47,1713349,1442
2015-07-15,1.48,1.48,1.42,1.43,2005226,1442
2015-07-16,1.43,1.43,1.37,1.39,1536900,1442
2015-07-17,1.37,1.38,1.28,1.28,2975900,1442
2015-07-20,1.17,1.23,1.14,1.15,2225300,1442
2015-07-21,1.18,1.2,1.14,1.17,1510400,1442
2015-07-22,1.12,1.18,1.06,1.14,1516700,1442
2015-07-23,1.16,1.18,1.08,1.09,2197200,1442
2015-07-24,1.07,1.16,1.02,1.16,2386600,1442
2015-07-27,1.16,1.19,1.06,1.07,2825500,1442
2015-07-28,1.09,1.13,1.06,1.12,1140000,1442
2015-07-29,1.12,1.14,1.09,1.11,2546700,1442
2015-07-30,1.08,1.11,1.03,1.04,1394700,1442
2015-07-31,1.08,1.11,1.07,1.07,806900,1442
2015-08-03,1.06,1.08,1.03,1.04,387608,1442
2015-08-04,1.05,1.09,1.02,1.06,1606300,1442
2015-08-05,1.05,1.06,0.98,1.0,1532600,1442
2015-08-06,1.01,1.08,1.0,1.08,1956010,1442
2015-08-07,1.06,1.12,1.05,1.05,1358600,1442
2015-08-10,1.05,1.13,1.04,1.12,1207900,1442
2015-08-11,1.1,1.23,1.1,1.23,2637660,1442
2015-08-12,1.27,1.35,1.26,1.31,3388200,1442
2015-08-13,1.24,1.27,1.18,1.19,2193000,1442
2015-08-14,1.16,1.21,1.12,1.14,1193300,1442
2015-08-17,1.15,1.22,1.15,1.21,2492100,1442
2015-08-18,1.19,1.21,1.15,1.18,1368500,1442
2015-08-19,1.2,1.3,1.19,1.3,2456700,1442
2015-08-20,1.33,1.36,1.32,1.34,2421800,1442
2015-08-21,1.37,1.37,1.25,1.28,3222200,1442
2015-08-24,1.24,1.32,1.15,1.18,5258856,1442
2015-08-25,1.16,1.18,1.09,1.17,1831200,1442
2015-08-26,1.15,1.15,1.05,1.07,3398300,1442
2015-08-27,1.07,1.17,1.06,1.15,3045800,1442
2015-08-28,1.17,1.24,1.16,1.23,3206500,1442
2015-08-31,1.2,1.21,1.14,1.19,3392300,1442
2015-09-01,1.19,1.26,1.17,1.2,2839300,1442
2015-09-02,1.22,1.24,1.18,1.23,1906300,1442
2015-09-03,1.2,1.27,1.18,1.26,2875500,1442
2015-09-04,1.2,1.29,1.2,1.28,2965000,1442
2015-09-08,1.29,1.32,1.24,1.27,1301700,1442
2015-09-09,1.26,1.28,1.23,1.23,3807800,1442
2015-09-10,1.26,1.28,1.21,1.23,3330947,1442
2015-09-11,1.19,1.22,1.13,1.19,6974600,1442
2015-09-14,1.18,1.18,1.1,1.1,4689500,1442
2015-09-15,1.1,1.13,1.09,1.1,2965400,1442
2015-09-16,1.13,1.17,1.13,1.15,4146700,1442
2015-09-17,1.15,1.24,1.1,1.22,3406221,1442
2015-09-18,1.25,1.27,1.18,1.24,12800900,1442
2015-09-21,1.23,1.25,1.19,1.19,2307200,1442
2015-09-22,1.15,1.17,1.12,1.12,1534600,1442
2015-09-23,1.15,1.17,1.11,1.11,664300,1442
2015-09-24,1.15,1.23,1.15,1.18,3535280,1442
2015-09-25,1.18,1.18,1.11,1.11,1680300,1442
2015-09-28,1.08,1.11,1.05,1.06,1601556,1442
2015-09-29,1.06,1.07,1.01,1.03,1912200,1442
2015-09-30,1.03,1.07,1.0,1.05,1157400,1442
2015-10-01,1.05,1.09,1.03,1.05,1527000,1442
2015-10-02,1.09,1.14,1.07,1.12,2004800,1442
2015-10-05,1.16,1.2,1.13,1.18,2761238,1442
2015-10-06,1.22,1.29,1.22,1.26,1997700,1442
2015-10-07,1.25,1.27,1.2,1.25,2415200,1442
2015-10-08,1.21,1.3,1.21,1.25,1779500,1442
2015-10-09,1.3,1.33,1.27,1.3,1608800,1442
2015-10-12,1.32,1.35,1.25,1.25,636647,1442
2015-10-13,1.27,1.31,1.24,1.26,1060000,1442
2015-10-14,1.29,1.45,1.29,1.42,2266800,1442
2015-10-15,1.41,1.46,1.36,1.36,1536400,1442
2015-10-16,1.37,1.39,1.3,1.3,1370100,1442
2015-10-19,1.28,1.34,1.22,1.23,1721300,1442
2015-10-20,1.24,1.34,1.24,1.33,1213914,1442
2015-10-21,1.3,1.32,1.26,1.26,1177900,1442
2015-10-22,1.24,1.26,1.18,1.19,2219000,1442
2015-10-23,1.21,1.21,1.15,1.21,2719600,1442
2015-10-26,1.21,1.21,1.16,1.16,1211900,1442
2015-10-27,1.17,1.17,1.11,1.13,1906900,1442
2015-10-28,1.16,1.19,1.08,1.12,2734700,1442
2015-10-29,1.1,1.13,1.05,1.06,2653600,1442
2015-10-30,1.08,1.09,1.06,1.07,1706100,1442
2015-11-02,1.07,1.1,1.05,1.07,1106109,1442
2015-11-03,1.07,1.12,1.04,1.1,1546900,1442
2015-11-04,1.1,1.12,1.06,1.08,1792945,1442
2015-11-05,1.08,1.11,1.04,1.05,3630700,1442
2015-11-06,1.02,1.04,1.0,1.04,1993600,1442
2015-11-09,1.03,1.1,1.02,1.09,4011745,1442
2015-11-10,1.06,1.08,1.03,1.04,1732600,1442
2015-11-11,1.05,1.06,1.02,1.02,3204900,1442
2015-11-12,1.0,1.07,0.99,1.03,3072900,1442
2015-11-13,1.05,1.12,1.03,1.08,3102000,1442
2015-11-16,1.07,1.11,1.06,1.08,1357900,1442
2015-11-17,1.07,1.09,1.03,1.04,2320000,1442
2015-11-18,1.03,1.09,1.01,1.09,1798500,1442
2015-11-19,1.08,1.14,1.08,1.12,3116000,1442
2015-11-20,1.12,1.14,1.03,1.03,1910700,1442
2015-11-23,1.02,1.06,1.02,1.05,1701900,1442
2015-11-24,1.07,1.1,1.04,1.07,2479100,1442
2015-11-25,1.06,1.1,1.05,1.09,1213100,1442
2015-11-27,1.06,1.09,1.06,1.07,815200,1442
2015-11-30,1.06,1.1,1.06,1.1,2016700,1442
2015-12-01,1.1,1.19,1.08,1.15,4662062,1442
2015-12-02,1.12,1.16,1.11,1.13,2102146,1442
2015-12-03,1.15,1.18,1.12,1.17,2043915,1442
2015-12-04,1.19,1.26,1.17,1.25,6446100,1442
2015-12-07,1.25,1.26,1.17,1.2,3045800,1442
2015-12-08,1.19,1.21,1.18,1.2,2278878,1442
2015-12-09,1.23,1.24,1.17,1.22,1881400,1442
2015-12-10,1.21,1.23,1.17,1.17,1248200,1442
2015-12-11,1.15,1.2,1.14,1.2,2084900,1442
2015-12-14,1.21,1.21,1.07,1.08,9426007,1442
2015-12-15,1.09,1.1,1.03,1.08,6782100,1442
2015-12-16,1.1,1.13,1.05,1.11,9274400,1442
2015-12-17,1.08,1.08,1.04,1.08,8435200,1442
2015-12-18,1.07,1.19,1.06,1.13,115582704,1442
2015-12-21,1.12,1.13,1.09,1.11,3689700,1442
2015-12-22,1.1,1.13,1.05,1.05,2504212,1442
2015-12-23,1.05,1.08,1.03,1.05,1861400,1442
2015-12-24,1.07,1.09,1.06,1.08,827747,1442
2015-12-28,1.05,1.06,1.03,1.05,1010801,1442
2015-12-29,1.05,1.07,1.0,1.01,3754954,1442
2015-12-30,1.0,1.02,0.9907,1.01,947483,1442
2015-12-31,1.01,1.02,1.0,1.02,976715,1442
2016-01-04,1.03,1.07,1.01,1.03,2817269,1442
2016-01-05,1.04,1.045,1.02,1.02,1016749,1442
2016-01-06,1.05,1.065,1.02,1.03,1745492,1442
2016-01-07,1.04,1.08,1.01,1.03,2580797,1442
2016-01-08,1.01,1.02,0.88,0.9495,4138942,1442
2016-01-11,0.94,0.9699,0.84,0.8497,2952108,1442
2016-01-12,0.85,0.8663,0.81,0.8191,1658218,1442
2016-01-13,0.8,0.8588,0.8,0.8272,1839103,1442
2016-01-14,0.809,0.8289,0.7454,0.7617,1892450,1442
2016-01-15,0.79,0.8099,0.7,0.7176,1805711,1442
2016-01-19,0.72,0.72,0.64,0.66,3974300,1442
2016-01-20,0.67,0.72,0.65,0.7112,2540236,1442
2016-01-21,0.72,0.727,0.6733,0.6853,1573606,1442
2016-01-22,0.6675,0.6898,0.6428,0.6657,1125259,1442
2016-01-25,0.68,0.68,0.6,0.635,3112679,1442
2016-01-26,0.65,0.7107,0.6265,0.7044,1868631,1442
2016-01-27,0.71,0.7489,0.7,0.7374,1305023,1442
2016-01-28,0.72,0.7685,0.72,0.74,1776728,1442
2016-01-29,0.72,0.7693,0.72,0.7463,882397,1442
2016-02-01,0.78,0.8201,0.77,0.8089,1253404,1442
2016-02-02,0.82,0.82,0.7556,0.78,796424,1442
2016-02-03,0.79,0.8373,0.7803,0.8014,2634719,1442
2016-02-04,0.8493,0.8574,0.79,0.7984,2671754,1442
2016-02-05,0.79,0.8459,0.7714,0.8448,2058642,1442
2016-02-08,0.88,0.9,0.845,0.885,2445876,1442
2016-02-09,0.91,0.9299,0.868,0.8737,1634795,1442
2016-02-10,0.86,0.91,0.86,0.8873,2213191,1442
2016-02-11,0.98,1.03,0.9444,0.9821,2575054,1442
2016-02-12,1.01,1.04,0.98,1.04,1497065,1442
2016-02-16,0.96,1.03,0.9599,0.9893,2118041,1442
2016-02-17,0.98,1.03,0.95,1.02,2217097,1442
2016-02-18,1.02,1.13,0.9861,1.12,2796642,1442
2016-02-19,1.11,1.13,1.08,1.11,5682639,1442
2016-02-22,1.04,1.09,1.03,1.04,2935322,1442
2016-02-23,1.06,1.1,1.05,1.07,1884950,1442
2016-02-24,1.13,1.17,1.05,1.08,2866179,1442
2016-02-25,1.09,1.13,1.08,1.12,1228539,1442
2016-02-26,1.12,1.13,1.07,1.08,1272831,1442
2016-02-29,1.08,1.13,1.08,1.12,1219201,1442
2016-03-01,1.12,1.14,1.04,1.04,2064266,1442
2016-03-02,1.05,1.1,1.05,1.09,1379170,1442
2016-03-03,1.09,1.18,1.081,1.17,2221896,1442
2016-03-04,1.18,1.31,1.17,1.26,5120791,1442
2016-03-07,1.27,1.38,1.27,1.36,2879931,1442
2016-03-08,1.37,1.38,1.28,1.28,3170691,1442
2016-03-09,1.25,1.33,1.21,1.32,3568817,1442
2016-03-10,1.34,1.42,1.3202,1.39,3213460,1442
2016-03-11,1.42,1.42,1.32,1.32,3559243,1442
2016-03-14,1.36,1.37,1.29,1.32,5270554,1442
2016-03-15,1.33,1.44,1.3,1.43,3594286,1442
2016-03-16,1.42,1.61,1.39,1.6,4572076,1442
2016-03-17,1.62,1.71,1.55,1.62,5581258,1442
2016-03-18,1.56,1.66,1.53,1.61,31441881,1442
2016-03-21,1.58,1.65,1.55,1.63,2807577,1442
2016-03-22,1.65,1.69,1.6049,1.65,1995882,1442
2016-03-23,1.55,1.62,1.52,1.55,3403102,1442
2016-03-24,1.53,1.62,1.53,1.59,1409887,1442
2016-03-28,1.58,1.61,1.55,1.61,1134744,1442
2016-03-29,1.62,1.74,1.59,1.74,3049670,1442
2016-03-30,1.73,1.75,1.685,1.72,2458902,1442
2016-03-31,1.74,1.77,1.66,1.66,2592292,1442
2016-04-01,1.61,1.7,1.57,1.7,2820189,1442
2016-04-04,1.65,1.67,1.61,1.63,2064964,1442
2016-04-05,1.64,1.67,1.62,1.63,1864967,1442
2016-04-06,1.62,1.64,1.57,1.58,2599070,1442
2016-04-07,1.63,1.65,1.59,1.61,2905869,1442
2016-04-08,1.63,1.68,1.625,1.66,2336905,1442
2016-04-11,1.69,1.87,1.68,1.82,5091388,1442
2016-04-12,1.88,1.89,1.79,1.87,2280371,1442
2016-04-13,1.84,1.87,1.79,1.83,2526284,1442
2016-04-14,1.81,1.83,1.71,1.74,2411125,1442
2016-04-15,1.73,1.81,1.691,1.8,1597171,1442
2016-04-18,1.84,1.86,1.805,1.82,1911807,1442
2016-04-19,1.88,1.97,1.86,1.97,3650357,1442
2016-04-20,1.95,2.06,1.92,1.94,3989518,1442
2016-04-21,2.0,2.04,1.96,2.02,2452701,1442
2016-04-22,1.99,2.025,1.905,1.93,1893074,1442
2016-04-25,1.97,1.98,1.89,1.92,2092390,1442
2016-04-26,1.93,1.99,1.91,1.99,1879159,1442
2016-04-27,1.99,2.04,1.97,2.04,1677124,1442
2016-04-28,2.06,2.1,2.03,2.08,3154428,1442
2016-04-29,2.1,2.23,2.1,2.22,4534473,1442
2016-05-02,2.3,2.31,2.19,2.2,4401559,1442
2016-05-03,2.22,2.24,2.08,2.16,4531506,1442
2016-05-04,2.09,2.145,1.91,2.0,3292604,1442
2016-05-05,2.0,2.08,1.94,1.98,2264385,1442
2016-05-06,2.0,2.14,2.0,2.09,3952720,1442
2016-05-09,2.01,2.01,1.94,1.95,2254991,1442
2016-05-10,1.95,2.06,1.9,2.06,2506227,1442
2016-05-11,2.1,2.13,1.99,2.11,2514205,1442
2016-05-12,2.15,2.18,2.05,2.06,2237298,1442
2016-05-13,2.12,2.21,2.065,2.17,3450505,1442
2016-05-16,2.25,2.28,2.17,2.18,2737332,1442
2016-05-17,2.18,2.27,2.16,2.24,2580918,1442
2016-05-18,2.2,2.22,2.01,2.02,3611252,1442
2016-05-19,1.91,2.09,1.89,2.02,2584927,1442
2016-05-20,2.07,2.07,1.97,1.99,3855376,1442
2016-05-23,1.91,2.03,1.91,1.94,1713400,1442
2016-05-24,1.9,1.95,1.825,1.86,2783979,1442
2016-05-25,1.83,1.95,1.75,1.93,3055007,1442
2016-05-26,1.96,2.0,1.88,1.89,1770401,1442
2016-05-27,1.85,1.9,1.75,1.75,2343783,1442
2016-05-31,1.82,1.89,1.8,1.82,3194726,1442
2016-06-01,1.87,1.88,1.77,1.81,2498901,1442
2016-06-02,1.81,1.85,1.79,1.79,1615419,1442
2016-06-03,1.95,2.05,1.94,2.03,4963859,1442
2016-06-06,2.06,2.06,1.91,1.99,6117941,1442
2016-06-07,1.99,2.0,1.9299,1.96,3524756,1442
2016-06-08,2.06,2.11,2.03,2.07,4222346,1442
2016-06-09,2.1,2.13,2.04,2.12,2560490,1442
2016-06-10,2.17,2.175,2.06,2.06,3644497,1442
2016-06-13,2.16,2.21,2.11,2.18,4660615,1442
2016-06-14,2.2,2.2,2.09,2.19,5116039,1442
2016-06-15,2.18,2.23,2.13,2.21,9174725,1442
2016-06-16,2.28,2.35,2.17,2.18,6293570,1442
2016-06-17,2.24,2.28,2.14,2.2,26284030,1442
2016-06-20,2.17,2.28,2.15,2.26,2694747,1442
2016-06-21,2.22,2.23,2.16,2.18,2941649,1442
2016-06-22,2.2,2.23,2.13,2.23,3168492,1442
2016-06-23,2.21,2.22,2.15,2.18,2150095,1442
2016-06-24,2.39,2.47,2.32,2.41,7051031,1442
2016-06-27,2.43,2.51,2.38,2.51,6362006,1442
2016-06-28,2.42,2.5,2.42,2.45,4364281,1442
2016-06-29,2.52,2.52,2.46,2.48,4337012,1442
2016-06-30,2.5,2.51,2.42,2.51,2810345,1442
2016-07-01,2.59,2.83,2.59,2.8,4189805,1442
2016-07-05,2.7,2.74,2.65,2.72,6206436,1442
2016-07-06,2.8,2.95,2.76,2.94,7950317,1442
2016-07-07,2.93,2.95,2.77,2.81,5369732,1442
2016-07-08,2.82,3.0,2.75,2.97,6303834,1442
2016-07-11,2.93,3.05,2.9,3.03,5011206,1442
2016-07-12,3.01,3.0399,2.88,2.94,5466790,1442
2016-07-13,2.96,3.09,2.9,3.07,6098127,1442
2016-07-14,2.94,3.0499,2.92,3.01,4488197,1442
2016-07-15,2.95,3.04,2.922,2.94,3719581,1442
2016-07-18,3.0,3.0,2.89,2.96,2377553,1442
2016-07-19,2.93,2.97,2.87,2.88,3966994,1442
2016-07-20,2.8,2.81,2.69,2.72,5060950,1442
2016-07-21,2.72,2.87,2.69,2.86,3866188,1442
2016-07-22,2.84,2.86,2.75,2.81,1792273,1442
2016-07-25,2.75,2.77,2.66,2.7,3054937,1442
2016-07-26,2.75,2.825,2.72,2.78,2236400,1442
2016-07-27,2.82,3.02,2.82,2.99,4863116,1442
2016-07-28,3.03,3.04,2.92,3.01,4457377,1442
2016-07-29,3.06,3.19,3.04,3.13,4915579,1442
2016-08-01,3.15,3.25,3.13,3.18,2766851,1442
2016-08-02,3.26,3.29,3.21,3.24,4253030,1442
2016-08-03,3.25,3.25,3.13,3.23,3256568,1442
2016-08-04,3.3,3.45,3.28,3.39,6824546,1442
2016-08-05,3.31,3.37,3.27,3.34,4597535,1442
2016-08-08,3.35,3.44,3.3,3.41,4790818,1442
2016-08-09,3.43,3.55,3.41,3.5,3567813,1442
2016-08-10,3.62,3.64,3.525,3.55,6238850,1442
2016-08-11,3.6,3.649,3.48,3.49,5727144,1442
2016-08-12,3.49,3.58,3.41,3.46,11730937,1442
2016-08-15,3.5,3.54,3.27,3.32,6356174,1442
2016-08-16,3.38,3.41,3.3,3.3,4894357,1442
2016-08-17,3.25,3.38,3.21,3.33,7379845,1442
2016-08-18,3.4,3.43,3.35,3.39,3711852,1442
2016-08-19,3.31,3.37,3.29,3.33,5024357,1442
2016-08-22,3.24,3.28,3.1,3.12,5007395,1442
2016-08-23,3.13,3.2,3.05,3.05,4306300,1442
2016-08-24,3.01,3.02,2.791,2.83,6495045,1442
2016-08-25,2.79,3.08,2.76,2.98,7985660,1442
2016-08-26,3.04,3.15,2.83,2.9,10604170,1442
2016-08-29,2.88,2.92,2.82,2.87,4114475,1442
2016-08-30,2.85,2.86,2.61,2.65,6833627,1442
2016-08-31,2.57,2.64,2.51,2.51,6944875,1442
2016-09-01,2.51,2.69,2.465,2.66,6163299,1442
2016-09-02,2.78,2.83,2.71,2.81,7789912,1442
2016-09-06,2.92,2.97,2.87,2.97,5550612,1442
2016-09-07,2.99,2.99,2.81,2.93,4685456,1442
2016-09-08,2.87,2.95,2.86,2.91,3352232,1442
2016-09-09,2.83,2.84,2.68,2.7,5134164,1442
2016-09-12,2.63,2.88,2.61,2.86,15744935,1442
2016-09-13,2.85,2.85,2.65,2.71,8705543,1442
2016-09-14,2.72,2.78,2.67,2.7,5915429,1442
2016-09-15,2.7,2.74,2.61,2.69,5365386,1442
2016-09-16,2.69,2.76,2.62,2.74,94367014,1442
2016-09-19,2.8,2.83,2.75,2.78,3742959,1442
2016-09-20,2.81,2.88,2.77,2.86,4232091,1442
2016-09-21,2.94,3.07,2.88,3.04,7742568,1442
2016-09-22,3.14,3.14,2.98,3.02,6055587,1442
2016-09-23,3.0,3.04,2.88,2.9,3474827,1442
2016-09-26,2.95,2.98,2.88,2.89,2133514,1442
2016-09-27,2.67,2.67,2.46,2.55,9934707,1442
2016-09-28,2.6,2.69,2.48,2.69,6627161,1442
2016-09-29,2.67,2.705,2.6,2.65,3744290,1442
2016-09-30,2.73,2.75,2.61,2.63,5647126,1442
2016-10-03,2.63,2.66,2.56,2.62,2841981,1442
2016-10-04,2.5,2.5,2.34,2.35,6970637,1442
2016-10-05,2.38,2.42,2.25,2.29,5687152,1442
2016-10-06,2.2,2.27,2.145,2.2,5551801,1442
2016-10-07,2.28,2.32,2.17,2.22,5406021,1442
2016-10-10,2.31,2.31,2.27,2.3,1832086,1442
2016-10-11,2.25,2.29,2.2,2.2,3397483,1442
2016-10-12,2.22,2.37,2.22,2.36,4625720,1442
2016-10-13,2.4,2.54,2.36,2.48,5267888,1442
2016-10-14,2.4,2.54,2.4,2.47,4392536,1442
2016-10-17,2.52,2.57,2.49,2.55,2891377,1442
2016-10-18,2.61,2.67,2.57,2.66,2929018,1442
2016-10-19,2.76,2.8,2.705,2.75,4719907,1442
2016-10-20,2.8,2.81,2.6801,2.78,3129112,1442
2016-10-21,2.75,2.8,2.72,2.78,3009761,1442
2016-10-24,2.78,2.82,2.65,2.72,3789715,1442
2016-10-25,2.75,2.94,2.73,2.92,5056576,1442
2016-10-26,2.88,2.93,2.76,2.8,5096684,1442
2016-10-27,2.81,2.825,2.7,2.73,3045375,1442
2016-10-28,2.71,2.845,2.71,2.78,4967935,1442
2016-10-31,2.77,2.89,2.73,2.89,2985245,1442
2016-11-01,3.0,3.01,2.89,2.92,4571487,1442
2016-11-02,3.0,3.03,2.82,2.87,6768219,1442
2016-11-03,2.85,3.04,2.81,2.95,4217002,1442
2016-11-04,2.95,2.97,2.83,2.89,11528253,1442
2016-11-07,2.8,2.8,2.68,2.75,4369512,1442
2016-11-08,2.74,2.86,2.66,2.67,5418481,1442
2016-11-09,2.9,2.92,2.67,2.75,8802157,1442
2016-11-10,2.75,2.75,2.52,2.56,7820725,1442
2016-11-11,2.52,2.55,2.3,2.36,7022896,1442
2016-11-14,2.35,2.5,2.23,2.39,5264057,1442
2016-11-15,2.4,2.57,2.39,2.57,4263576,1442
2016-11-16,2.58,2.58,2.45,2.49,2566833,1442
2016-11-17,2.48,2.57,2.34,2.41,4923267,1442
2016-11-18,2.35,2.41,2.31,2.38,3683517,1442
2016-11-21,2.42,2.49,2.41,2.45,4119380,1442
2016-11-22,2.45,2.5,2.38,2.48,2189945,1442
2016-11-23,2.34,2.4,2.3,2.34,3806584,1442
2016-11-25,2.34,2.35,2.3,2.31,1240433,1442
2016-11-28,2.39,2.46,2.33,2.46,4442343,1442
2016-11-29,2.39,2.48,2.37,2.47,2449604,1442
2016-11-30,2.4,2.45,2.38,2.42,2875230,1442
2016-12-01,2.38,2.51,2.36,2.42,4449825,1442
2016-12-02,2.46,2.52,2.45,2.47,3550746,1442
2016-12-05,2.47,2.495,2.37,2.46,4694625,1442
2016-12-06,2.44,2.522,2.44,2.5,5273327,1442
2016-12-07,2.58,2.64,2.53,2.54,4549994,1442
2016-12-08,2.54,2.5726,2.5,2.55,3366565,1442
2016-12-09,2.53,2.54,2.4,2.4,5217002,1442
2016-12-12,2.38,2.46,2.36,2.37,4282987,1442
2016-12-13,2.38,2.42,2.33,2.4,3774874,1442
2016-12-14,2.42,2.48,2.24,2.25,6422089,1442
2016-12-15,2.19,2.19,2.02,2.05,7851606,1442
2016-12-16,2.1,2.19,2.06,2.19,12465485,1442
2016-12-19,2.21,2.24,2.12,2.17,3521376,1442
2016-12-20,2.13,2.19,2.08,2.16,2749981,1442
2016-12-21,2.19,2.19,2.11,2.12,1414248,1442
2016-12-22,2.11,2.16,2.09,2.14,1525977,1442
2016-12-23,2.16,2.16,2.09,2.12,1679434,1442
2016-12-27,2.18,2.26,2.15,2.26,1996659,1442
2016-12-28,2.2,2.26,2.15,2.26,3270581,1442
2016-12-29,2.3,2.53,2.3,2.52,4943920,1442
2016-12-30,2.55,2.59,2.355,2.37,5065051,1442
2017-01-03,2.45,2.53,2.385,2.53,4117611,1442
2017-01-04,2.58,2.59,2.49,2.54,4511056,1442
2017-01-05,2.6,2.81,2.59,2.78,7037314,1442
2017-01-06,2.72,2.81,2.61,2.71,5337644,1442
2017-01-09,2.78,2.81,2.68,2.7,4872093,1442
2017-01-10,2.71,2.81,2.71,2.75,3880953,1442
2017-01-11,2.74,2.83,2.65,2.76,5977537,1442
2017-01-12,2.83,2.87,2.7,2.74,3986613,1442
2017-01-13,2.69,2.79,2.66,2.78,4991157,1442
2017-01-17,2.86,2.93,2.85,2.87,4181543,1442
2017-01-18,2.89,2.89,2.72,2.79,5143320,1442
2017-01-19,2.73,2.785,2.6601,2.75,4944353,1442
2017-01-20,2.75,2.88,2.73,2.83,4829381,1442
2017-01-23,2.89,2.95,2.83,2.94,4034151,1442
2017-01-24,2.94,3.05,2.9,2.94,4599788,1442
2017-01-25,2.86,2.95,2.84,2.93,3821733,1442
2017-01-26,2.86,3.03,2.84,2.94,5186779,1442
2017-01-27,2.95,2.98,2.9,2.94,2787832,1442
2017-01-30,2.99,3.0899,2.94,2.97,4407519,1442
2017-01-31,3.07,3.1,3.0,3.06,4528286,1442
2017-02-01,3.02,3.22,2.973,3.17,5588107,1442
2017-02-02,3.15,3.2,3.035,3.08,6193831,1442
2017-02-03,3.08,3.14,3.05,3.11,2847456,1442
2017-02-06,3.22,3.36,3.1,3.36,7831511,1442
2017-02-07,3.28,3.48,3.26,3.36,8768114,1442
2017-02-08,3.45,3.48,3.34,3.43,5697817,1442
2017-02-09,3.44,3.46,3.3,3.31,6278107,1442
2017-02-10,3.23,3.42,3.21,3.41,6313975,1442
2017-02-13,3.38,3.39,3.3,3.35,4743532,1442
2017-02-14,3.4,3.43,3.3,3.39,5583975,1442
2017-02-15,3.31,3.42,3.31,3.38,4756213,1442
2017-02-16,3.39,3.45,3.37,3.38,7996611,1442
2017-02-17,3.35,3.4,3.22,3.22,5955563,1442
2017-02-21,3.17,3.3,3.11,3.3,6816049,1442
2017-02-22,3.25,3.36,3.22,3.35,6402678,1442
2017-02-23,3.4,3.47,3.3447,3.47,7529303,1442
2017-02-24,3.51,3.55,3.35,3.36,8301723,1442
2017-02-27,3.34,3.42,3.03,3.03,11989006,1442
2017-02-28,3.12,3.23,3.0501,3.08,10914509,1442
2017-03-01,3.0,3.19,2.96,3.19,10894353,1442
2017-03-02,3.13,3.17,2.92,2.93,9805186,1442
2017-03-03,2.9,3.03,2.83,3.0,10026967,1442
2017-03-06,3.01,3.01,2.79,2.81,7457886,1442
2017-03-07,2.76,2.925,2.74,2.83,7824939,1442
2017-03-08,2.8,2.89,2.77,2.81,4239489,1442
2017-03-09,2.8,2.87,2.77,2.78,4028346,1442
2017-03-10,2.82,2.99,2.775,2.99,5144799,1442
2017-03-13,3.05,3.07,2.95,3.01,6042299,1442
2017-03-14,3.01,3.05,2.78,2.81,6569349,1442
2017-03-15,2.86,3.1,2.79,3.09,11509925,1442
2017-03-16,3.2,3.2,3.03,3.03,5862451,1442
2017-03-17,3.08,3.08,2.88,3.0,12021985,1442
2017-03-20,3.0,3.08,2.94,3.07,4007765,1442
2017-03-21,3.07,3.15,3.04,3.11,8832012,1442
2017-03-22,3.15,3.16,3.045,3.06,3844408,1442
2017-03-23,3.07,3.08,2.914,2.96,6318248,1442
2017-03-24,2.94,2.985,2.88,2.91,5844543,1442
2017-03-27,3.0,3.01,2.93,2.97,2932587,1442
2017-03-28,2.95,2.97,2.8,2.83,7782275,1442
2017-03-29,2.85,2.9,2.795,2.86,4457508,1442
2017-03-30,2.84,2.86,2.81,2.82,3521894,1442
2017-03-31,2.84,2.89,2.8,2.83,3964247,1442
2017-04-03,2.83,2.89,2.81,2.87,3599175,1442
2017-04-04,2.88,2.91,2.82,2.86,3279833,1442
2017-04-05,2.81,2.87,2.75,2.84,5938383,1442
2017-04-06,2.85,2.85,2.77,2.81,2298005,1442
2017-04-07,2.86,2.88,2.75,2.76,4306505,1442
2017-04-10,2.75,2.81,2.71,2.78,3028270,1442
2017-04-11,2.82,2.93,2.81,2.9,5734014,1442
2017-04-12,2.92,2.95,2.86,2.93,4104018,1442
2017-04-13,2.91,2.96,2.87,2.89,5490184,1442
2017-04-17,2.88,2.89,2.77,2.79,6593452,1442
2017-04-18,2.78,2.83,2.75,2.82,6010347,1442
2017-04-19,2.78,2.83,2.72,2.8,10730685,1442
2017-04-20,2.78,2.8,2.72,2.76,6789350,1442
2017-04-21,2.78,2.78,2.7,2.73,5200557,1442
2017-04-24,2.7,2.71,2.63,2.66,6867429,1442
2017-04-25,2.6,2.61,2.49,2.54,10454504,1442
2017-04-26,2.54,2.55,2.4,2.55,10720014,1442
2017-04-27,2.53,2.53,2.425,2.5,6392761,1442
2017-04-28,2.5,2.55,2.435,2.54,5701360,1442
2017-05-01,2.51,2.51,2.38,2.41,5296535,1442
2017-05-02,2.38,2.44,2.34,2.4,7289817,1442
2017-05-03,2.36,2.44,2.34,2.36,7991207,1442
2017-05-04,2.3,2.33,2.15,2.16,8082388,1442
2017-05-05,2.21,2.26,2.18,2.25,5364047,1442
2017-05-08,2.26,2.28,2.2225,2.26,4040025,1442
2017-05-09,2.25,2.26,2.2,2.24,5452316,1442
2017-05-10,2.28,2.3,2.23,2.27,3479417,1442
2017-05-11,2.28,2.44,2.26,2.44,6405389,1442
2017-05-12,2.46,2.5,2.435,2.47,8403441,1442
2017-05-15,2.51,2.52,2.3934,2.46,4058394,1442
2017-05-16,2.46,2.52,2.45,2.48,3516913,1442
2017-05-17,2.525,2.59,2.47,2.52,5335819,1442
2017-05-18,2.5,2.5,2.4,2.44,8351372,1442
2017-05-19,2.47,2.51,2.46,2.49,4772851,1442
2017-05-22,2.51,2.54,2.46,2.47,2958371,1442
2017-05-23,2.495,2.52,2.38,2.41,6188173,1442
2017-05-24,2.41,2.49,2.35,2.47,7237219,1442
2017-05-25,2.45,2.49,2.41,2.46,3034164,1442
2017-05-26,2.5,2.51,2.46,2.46,2119508,1442
2017-05-30,2.44,2.47,2.41,2.46,2004301,1442
2017-05-31,2.46,2.53,2.43,2.51,3339750,1442
2017-06-01,2.46,2.49,2.43,2.44,2309485,1442
2017-06-02,2.43,2.53,2.43,2.51,2884761,1442
2017-06-05,2.52,2.57,2.48,2.55,3876188,1442
2017-06-06,2.61,2.82,2.6,2.82,9633140,1442
2017-06-07,2.77,2.83,2.73,2.8,5954554,1442
2017-06-08,2.77,2.8199,2.72,2.78,6011843,1442
2017-06-09,2.71,2.78,2.69,2.73,5127354,1442
2017-06-12,2.75,2.81,2.71,2.79,6441168,1442
2017-06-13,2.75,2.81,2.74,2.77,4650103,1442
2017-06-14,2.81,2.87,2.67,2.69,11404372,1442
2017-06-15,2.64,2.75,2.64,2.67,4292749,1442
2017-06-16,2.7,2.76,2.68,2.72,20755375,1442
2017-06-19,2.7,2.77,2.695,2.76,4019826,1442
2017-06-20,2.74,2.82,2.72,2.79,4142597,1442
2017-06-21,2.81,2.86,2.79,2.85,3795336,1442
2017-06-22,2.87,2.93,2.85,2.93,5462984,1442
2017-06-23,2.92,2.96,2.9,2.96,4116264,1442
2017-06-26,2.9,2.93,2.88,2.89,2358194,1442
2017-06-27,2.92,2.9399,2.84,2.89,2700180,1442
2017-06-28,2.89,2.93,2.87,2.88,2577187,1442
2017-06-29,2.86,2.87,2.775,2.8,3167421,1442
2017-06-30,2.78,2.83,2.77,2.81,4058925,1442
2017-07-03,2.74,2.8,2.72,2.76,1274294,1442
2017-07-05,2.73,2.81,2.73,2.8,2752387,1442
2017-07-06,2.81,2.81,2.68,2.72,3899599,1442
2017-07-07,2.7,2.7,2.59,2.62,4375419,1442
2017-07-10,2.59,2.77,2.57,2.75,5724787,1442
2017-07-11,2.74,2.74,2.66,2.72,4405228,1442
2017-07-12,2.74,2.76,2.67,2.69,4121233,1442
2017-07-13,2.68,2.68,2.6,2.63,2696014,1442
2017-07-14,2.68,2.74,2.68,2.71,2565663,1442
2017-07-17,2.73,2.7793,2.72,2.75,2629943,1442
2017-07-18,2.78,2.81,2.7438,2.75,1987742,1442
2017-07-19,2.74,2.785,2.72,2.75,1771424,1442
2017-07-20,2.73,2.75,2.69,2.71,1584576,1442
2017-07-21,2.74,2.76,2.7,2.71,3422071,1442
2017-07-24,2.68,2.73,2.65,2.65,1702341,1442
2017-07-25,2.66,2.7,2.58,2.62,3474703,1442
2017-07-26,2.59,2.72,2.56,2.72,3247393,1442
2017-07-27,2.72,2.72,2.6,2.6,3015900,1442
2017-07-28,2.64,2.72,2.64,2.7,1746043,1442
2017-07-31,2.7,2.7,2.49,2.52,4258094,1442
2017-08-01,2.5,2.54,2.47,2.5,3504464,1442
2017-08-02,2.49,2.5,2.43,2.45,2095335,1442
2017-08-03,2.48,2.5067,2.46,2.5,1832439,1442
2017-08-04,2.45,2.48,2.35,2.35,3746000,1442
2017-08-07,2.37,2.44,2.31,2.4,1164283,1442
2017-08-08,2.42,2.44,2.37,2.38,1696487,1442
2017-08-09,2.46,2.49,2.43,2.47,2406470,1442
2017-08-10,2.5,2.59,2.49,2.56,2897028,1442
2017-08-11,2.57,2.59,2.51,2.58,2528299,1442
2017-08-14,2.55,2.57,2.51,2.53,1504384,1442
2017-08-15,2.48,2.48,2.41,2.43,2649525,1442
2017-08-16,2.41,2.51,2.41,2.49,3166361,1442
2017-08-17,2.5,2.54,2.48,2.51,2111547,1442
2017-08-18,2.57,2.57,2.47,2.48,2047520,1442
2017-08-21,2.51,2.54,2.5,2.54,1317732,1442
2017-08-22,2.51,2.53,2.47,2.5,1381789,1442
2017-08-23,2.51,2.56,2.48,2.56,1591643,1442
2017-08-24,2.53,2.55,2.503,2.54,1341386,1442
2017-08-25,2.56,2.575,2.51,2.56,1431769,1442
2017-08-28,2.6,2.72,2.58,2.72,3529324,1442
2017-08-29,2.82,2.82,2.64,2.69,4096159,1442
2017-08-30,2.69,2.71,2.635,2.67,1818191,1442
2017-08-31,2.66,2.76,2.645,2.76,3406882,1442
2017-09-01,2.75,2.79,2.7001,2.77,3170277,1442
2017-09-05,2.8,2.88,2.79,2.88,4031654,1442
2017-09-06,2.88,2.88,2.77,2.79,4257025,1442
2017-09-07,2.83,2.875,2.805,2.86,3890560,1442
2017-09-08,2.86,2.87,2.73,2.76,2487094,1442
2017-09-11,2.71,2.76,2.67,2.68,2831235,1442
2017-09-12,2.65,2.75,2.65,2.73,4353898,1442
2017-09-13,2.71,2.73,2.64,2.64,2993942,1442
2017-09-14,2.65,2.74,2.65,2.69,2205237,1442
2017-09-15,2.7,2.71,2.65,2.71,8055763,1442
2017-09-18,2.63,2.66,2.59,2.61,2986447,1442
2017-09-19,2.64,2.69,2.62,2.66,2269885,1442
2017-09-20,2.67,2.75,2.555,2.58,4772608,1442
2017-09-21,2.58,2.64,2.57,2.59,1892030,1442
2017-09-22,2.62,2.67,2.62,2.64,2068396,1442
2017-09-25,2.67,2.89,2.64,2.88,8538502,1442
2017-09-26,2.84,2.86,2.775,2.82,5445905,1442
2017-09-27,2.77,2.86,2.77,2.78,2496074,1442
2017-09-28,2.79,2.85,2.78,2.81,2985373,1442
2017-09-29,2.79,2.83,2.76,2.8,2274514,1442
2017-10-02,2.76,2.81,2.74,2.77,2454404,1442
2017-10-03,2.78,2.85,2.78,2.82,2032191,1442
2017-10-04,2.84,2.895,2.825,2.87,3443026,1442
2017-10-05,2.86,2.88,2.82,2.85,1400221,1442
2017-10-06,2.83,2.87,2.7816,2.83,5019239,1442
2017-10-09,2.88,2.89,2.83,2.87,1594074,1442
2017-10-10,2.89,2.89,2.7808,2.81,2664775,1442
2017-10-11,2.81,2.83,2.7,2.79,4609297,1442
2017-10-12,2.79,2.79,2.73,2.76,5339244,1442
2017-10-13,2.78,2.83,2.75,2.78,2588357,1442
2017-10-16,2.77,2.77,2.64,2.65,6747806,1442
2017-10-17,2.61,2.66,2.61,2.63,6045430,1442
2017-10-18,2.64,2.66,2.61,2.62,3324605,1442
2017-10-19,2.62,2.685,2.61,2.67,2355926,1442
2017-10-20,2.65,2.65,2.55,2.57,2955051,1442
2017-10-23,2.56,2.58,2.53,2.53,4155217,1442
2017-10-24,2.53,2.545,2.5,2.51,2130846,1442
2017-10-25,2.53,2.53,2.43,2.43,4383119,1442
2017-10-26,2.45,2.49,2.44,2.45,3291284,1442
2017-10-27,2.47,2.54,2.45,2.5,2875062,1442
2017-10-30,2.52,2.625,2.51,2.58,2655644,1442
2017-10-31,2.58,2.58,2.53,2.53,2614162,1442
2017-11-01,2.57,2.59,2.525,2.54,2002393,1442
2017-11-02,2.58,2.59,2.5,2.52,2478320,1442
2017-11-03,2.51,2.55,2.49,2.54,2142558,1442
2017-11-06,2.56,2.61,2.53,2.6,2624194,1442
2017-11-07,2.6,2.6,2.55,2.56,1741319,1442
2017-11-08,2.59,2.69,2.59,2.65,3702901,1442
2017-11-09,2.68,2.7,2.66,2.7,4757754,1442
2017-11-10,2.69,2.7,2.62,2.64,3136121,1442
