Date,Open,High,Low,Close,Volume,stock_id
2016-02-09,24.65,24.65,24.1001,24.53,582773,3117
2016-02-10,24.75,24.79,24.46,24.5,589793,3117
2016-02-11,24.6,24.6,23.75,24.09,486474,3117
2016-02-12,24.48,24.49,24.1601,24.3,446502,3117
2016-02-16,24.4,24.69,24.4,24.65,402445,3117
2016-02-17,24.75,24.97,24.7292,24.94,695659,3117
2016-02-18,24.99,25.04,24.9,24.97,607234,3117
2016-02-19,25.01,25.02,24.85,25.0,257305,3117
2016-02-22,25.04,25.1,24.97,24.99,462446,3117
2016-02-23,25.04,25.04,24.83,24.94,251917,3117
2016-02-24,24.9,25.04,24.846,25.01,269164,3117
2016-02-25,25.04,25.11,25.0,25.05,509762,3117
2016-02-26,25.14,25.211,25.1,25.2,687371,3117
2016-02-29,25.21,25.29,25.05,25.09,548606,3117
2016-03-01,25.14,25.19,25.08,25.19,269740,3117
2016-03-02,25.2,25.2148,25.09,25.1,288753,3117
2016-03-03,25.13,25.17,25.07,25.16,191169,3117
2016-03-04,25.18,25.25,25.13,25.24,183515,3117
2016-03-07,25.24,25.25,25.14,25.17,308209,3117
2016-03-08,25.14,25.19,25.12,25.18,228683,3117
2016-03-09,25.2,25.3,25.1899,25.28,233640,3117
2016-03-10,25.33,25.38,25.22,25.29,359716,3117
2016-03-11,25.34,25.4,25.31,25.32,452313,3117
2016-03-14,25.37,25.37,25.28,25.32,167744,3117
2016-03-15,25.31,25.35,25.2201,25.31,183713,3117
2016-03-16,25.3,25.464,25.27,25.45,239262,3117
2016-03-17,25.47,25.51,25.35,25.48,259790,3117
2016-03-18,25.53,25.55,25.45,25.53,162633,3117
2016-03-21,25.58,25.63,25.55,25.55,187859,3117
2016-03-22,25.54,25.594,25.52,25.54,170893,3117
2016-03-23,25.55,25.64,25.5,25.64,368098,3117
2016-03-24,25.61,25.75,25.59,25.75,246530,3117
2016-03-28,25.77,25.8397,25.62,25.81,411617,3117
2016-03-29,25.82,25.91,25.63,25.9,164629,3117
2016-03-30,25.9,25.96,25.81,25.89,187713,3117
2016-03-31,25.9,26.03,24.94,26.02,232380,3117
2016-04-01,25.94,26.04,25.87,25.95,196292,3117
2016-04-04,25.97,25.97,25.89,25.95,317965,3117
2016-04-05,25.91,25.92,25.82,25.89,259808,3117
2016-04-06,25.9,25.98,25.73,25.96,317462,3117
2016-04-07,25.96,25.97,25.85,25.85,207829,3117
2016-04-08,25.96,25.98,25.9,25.96,520820,3117
2016-04-11,25.96,26.0,25.93,25.99,254683,3117
2016-04-12,26.02,26.1,25.97,26.05,363225,3117
2016-04-13,26.09,26.21,26.0,26.15,419192,3117
2016-04-14,26.13,26.2,26.12,26.17,299824,3117
2016-04-15,26.19,26.24,26.02,26.14,2447108,3117
2016-04-18,26.09,26.09,25.92,25.98,308443,3117
2016-04-19,25.99,26.08,25.94,25.97,377982,3117
2016-04-20,26.09,26.09,25.97,25.99,139553,3117
2016-04-21,26.06,26.1,26.0,26.01,341227,3117
2016-04-22,26.08,26.09,26.0267,26.05,75669,3117
2016-04-25,26.06,26.09,25.93,25.96,295504,3117
2016-04-26,25.94,26.04,25.94,26.03,273089,3117
2016-04-27,26.03,26.25,26.01,26.22,329648,3117
2016-04-28,25.8,26.1,25.74,25.86,249829,3117
2016-04-29,25.86,25.86,25.8,25.86,192529,3117
2016-05-02,25.9,25.97,25.8601,25.97,104440,3117
2016-05-03,25.9,25.92,25.83,25.84,185096,3117
2016-05-04,25.92,25.92,25.8,25.84,109595,3117
2016-05-05,25.82,25.85,25.81,25.82,71116,3117
2016-05-06,25.85,25.8855,25.8,25.86,328495,3117
2016-05-09,25.92,25.98,25.88,25.92,110567,3117
2016-05-10,25.87,26.19,25.64,26.16,231503,3117
2016-05-11,26.17,26.19,26.11,26.19,126457,3117
2016-05-12,26.2,26.22,26.16,26.2,160862,3117
2016-05-13,26.2,26.22,26.15,26.16,131837,3117
2016-05-16,26.19,26.29,26.1074,26.25,202418,3117
2016-05-17,26.25,26.37,26.2099,26.27,233851,3117
2016-05-18,26.25,26.25,25.87,25.93,578213,3117
2016-05-19,25.95,25.965,25.63,25.77,322573,3117
2016-05-20,25.86,26.09,25.83,26.01,185354,3117
2016-05-23,26.05,26.2,26.05,26.08,184749,3117
2016-05-24,26.15,26.15,25.82,25.85,319338,3117
2016-05-25,25.9,25.96,25.87,25.92,193990,3117
2016-05-26,25.97,26.04,25.9301,26.0,163144,3117
2016-05-27,26.03,26.08,25.95,26.04,138824,3117
2016-05-31,26.04,26.043,25.9401,25.99,181418,3117
2016-06-01,26.01,26.14,25.95,26.09,155306,3117
2016-06-02,26.09,26.28,26.05,26.2,314191,3117
2016-06-03,26.2,26.27,26.16,26.27,179186,3117
2016-06-06,26.27,26.29,26.2,26.2,155239,3117
2016-06-07,26.28,26.3,26.07,26.16,150582,3117
2016-06-08,26.23,26.23,26.03,26.08,159511,3117
2016-06-09,26.1,26.14,25.98,26.01,163041,3117
2016-06-10,26.05,26.05,25.93,25.95,96200,3117
2016-06-13,25.99,26.0,25.94,26.0,134445,3117
2016-06-14,26.0,26.01,25.86,25.96,131355,3117
2016-06-15,26.03,26.05,25.9824,26.05,135263,3117
2016-06-16,26.1,26.1,25.97,25.99,193008,3117
2016-06-17,26.06,26.09,25.99,26.0,102285,3117
2016-06-20,26.0,26.07,25.9893,26.03,252337,3117
2016-06-21,26.04,26.21,26.02,26.21,243244,3117
2016-06-22,26.23,26.23,26.1635,26.22,92784,3117
2016-06-23,26.23,26.35,26.2056,26.31,152115,3117
2016-06-24,26.11,26.3,25.96,26.19,200894,3117
2016-06-27,26.12,26.12,25.9287,26.01,230809,3117
2016-06-28,26.2,26.32,26.15,26.21,165101,3117
2016-06-29,26.3,26.49,26.29,26.42,182860,3117
2016-06-30,26.48,26.73,26.4,26.7,304023,3117
2016-07-01,26.7,26.7,26.56,26.63,272298,3117
2016-07-05,26.68,26.68,26.57,26.62,156175,3117
2016-07-06,26.63,26.7,26.59,26.7,108432,3117
2016-07-07,26.7,26.8399,26.6501,26.79,128267,3117
2016-07-08,26.87,27.05,26.8154,26.99,160457,3117
2016-07-11,26.97,27.0899,25.66,26.9,119007,3117
2016-07-12,27.02,27.03,26.89,26.89,153296,3117
2016-07-13,27.02,27.02,26.91,26.91,130478,3117
2016-07-14,26.95,27.02,26.88,26.89,187116,3117
2016-07-15,26.87,27.08,26.87,27.07,135644,3117
2016-07-18,27.09,27.21,27.025,27.16,85967,3117
2016-07-19,27.23,27.4,27.11,27.35,150936,3117
2016-07-20,27.4,27.56,27.37,27.56,137775,3117
2016-07-21,27.63,27.63,27.25,27.32,187173,3117
2016-07-22,27.3,27.34,27.21,27.21,153560,3117
2016-07-25,27.35,27.3887,27.13,27.13,211879,3117
2016-07-26,27.2,27.27,27.17,27.17,116023,3117
2016-07-27,27.26,27.29,27.18,27.2,979490,3117
2016-07-28,27.25,27.28,27.21,27.22,368551,3117
2016-07-29,26.93,26.94,26.795,26.8,151576,3117
2016-08-01,26.88,26.88,26.8,26.8,209765,3117
2016-08-02,26.84,26.84,26.72,26.74,183357,3117
2016-08-03,26.88,26.89,26.72,26.81,181363,3117
2016-08-04,26.84,27.11,26.831,26.99,132914,3117
2016-08-05,27.08,27.41,26.96,27.33,156570,3117
2016-08-08,27.4,27.44,27.21,27.28,213672,3117
2016-08-09,27.29,27.45,26.97,27.01,178937,3117
2016-08-10,27.09,27.1,26.99,27.08,87819,3117
2016-08-11,27.08,27.15,27.0,27.0,126001,3117
2016-08-12,27.12,27.12,26.97,27.05,87099,3117
2016-08-15,27.08,27.08,26.89,26.95,77068,3117
2016-08-16,26.9,27.0,26.9,26.96,76497,3117
2016-08-17,26.99,26.99,26.9,26.92,88080,3117
2016-08-18,26.99,27.06,26.95,27.02,61623,3117
2016-08-19,27.05,27.05,27.0,27.03,32222,3117
2016-08-22,27.04,27.06,27.0,27.0,222968,3117
2016-08-23,27.04,27.13,27.01,27.12,114346,3117
2016-08-24,27.13,27.24,27.12,27.22,76030,3117
2016-08-25,27.23,27.29,27.1601,27.29,45578,3117
2016-08-26,27.3,27.48,27.26,27.48,68089,3117
2016-08-29,27.48,27.48,27.31,27.36,102850,3117
2016-08-30,27.4,27.41,27.28,27.32,372918,3117
2016-08-31,27.31,27.36,27.26,27.26,183740,3117
2016-09-01,27.41,27.42,27.23,27.23,44630,3117
2016-09-02,27.3,27.33,27.14,27.14,172453,3117
2016-09-06,27.13,27.3,27.13,27.25,76350,3117
2016-09-07,27.31,27.3499,27.23,27.32,461408,3117
2016-09-08,27.34,27.35,27.25,27.2901,98783,3117
2016-09-09,27.3,27.3,26.62,26.68,252744,3117
2016-09-12,26.85,26.85,26.43,26.78,131721,3117
2016-09-13,26.8,26.8,26.13,26.33,135823,3117
2016-09-14,26.33,26.4,26.21,26.26,496085,3117
2016-09-15,26.36,26.38,26.1999,26.37,159051,3117
2016-09-16,26.37,26.37,26.16,26.2672,74310,3117
2016-09-19,26.36,26.44,26.2,26.3737,113007,3117
2016-09-20,26.45,26.63,26.38,26.56,160636,3117
2016-09-21,26.57,26.83,26.53,26.75,124170,3117
2016-09-22,26.85,27.0299,26.8,26.93,114069,3117
2016-09-23,27.02,27.02,26.665,26.78,131495,3117
2016-09-26,26.89,26.89,26.77,26.81,150090,3117
2016-09-27,26.85,26.93,26.64,26.64,183633,3117
2016-09-28,26.81,26.85,26.7,26.85,85488,3117
2016-09-29,26.87,26.89,26.61,26.72,131595,3117
2016-09-30,26.81,26.94,26.6901,26.78,54060,3117
2016-10-03,26.84,26.9598,26.81,26.95,35556,3117
2016-10-04,26.83,26.98,26.83,26.9,55542,3117
2016-10-05,26.9,26.95,26.76,26.86,102388,3117
2016-10-06,26.88,26.94,26.735,26.91,90342,3117
2016-10-07,26.93,26.93,26.825,26.92,36670,3117
2016-10-10,26.93,26.93,26.81,26.86,44356,3117
2016-10-11,26.86,26.86,26.5927,26.6338,82692,3117
2016-10-12,26.6,26.67,26.46,26.47,56977,3117
2016-10-13,26.52,26.57,26.3095,26.4483,52084,3117
2016-10-14,26.59,26.73,26.52,26.62,68123,3117
2016-10-17,26.65,26.76,26.6,26.73,129124,3117
2016-10-18,26.79,27.08,26.71,26.91,127492,3117
2016-10-19,27.04,27.12,26.9701,27.12,76718,3117
2016-10-20,27.12,27.12,26.76,26.84,132164,3117
2016-10-21,26.88,27.01,26.79,27.01,107968,3117
2016-10-24,26.99,27.05,26.87,26.91,58228,3117
2016-10-25,26.98,27.14,26.95,27.14,110158,3117
2016-10-26,27.09,27.09,26.9741,27.08,101069,3117
2016-10-27,27.07,27.07,26.77,26.93,70863,3117
2016-10-28,26.93,26.9421,26.73,26.91,89860,3117
2016-10-31,26.59,26.61,26.4,26.5099,57669,3117
2016-11-01,26.56,26.56,26.3,26.37,98271,3117
2016-11-02,26.44,26.46,25.95,26.16,96396,3117
2016-11-03,26.19,26.2706,26.09,26.23,424254,3117
2016-11-04,26.32,26.4,26.22,26.26,69040,3117
2016-11-07,26.39,26.41,26.26,26.3301,36431,3117
2016-11-08,26.32,26.32,26.11,26.23,49154,3117
2016-11-09,26.19,26.19,25.9101,26.0,390026,3117
2016-11-10,26.0,26.0,25.16,25.18,514716,3117
2016-11-11,25.31,25.35,25.02,25.2,174705,3117
2016-11-14,25.19,25.2,24.83,24.84,523165,3117
2016-11-15,24.85,25.3957,24.81,25.34,205842,3117
2016-11-16,25.35,25.76,25.3201,25.62,101275,3117
2016-11-17,25.61,25.62,25.34,25.41,79809,3117
2016-11-18,25.44,25.44,25.0,25.07,371189,3117
2016-11-21,25.11,25.33,25.11,25.31,136860,3117
2016-11-22,25.4,25.56,25.3236,25.4509,202397,3117
2016-11-23,25.25,25.5264,25.2,25.51,107156,3117
2016-11-25,25.5,25.62,25.5,25.54,22244,3117
2016-11-28,25.6,25.6,25.37,25.48,68189,3117
2016-11-29,25.48,25.55,25.42,25.55,89132,3117
2016-11-30,25.48,25.48,25.12,25.19,86539,3117
2016-12-01,25.18,25.2,24.85,25.16,177425,3117
2016-12-02,25.2,25.25,25.01,25.15,97713,3117
2016-12-05,25.1,25.18,25.05,25.05,97286,3117
2016-12-06,25.15,25.16,25.04,25.07,82549,3117
2016-12-07,25.15,25.28,25.0983,25.25,103878,3117
2016-12-08,25.22,25.32,25.1201,25.3,85877,3117
2016-12-09,25.3,25.3028,25.15,25.25,161144,3117
2016-12-12,25.18,25.1996,25.0493,25.07,102990,3117
2016-12-13,25.19,25.19,24.93,25.04,185413,3117
2016-12-14,25.04,25.08,24.96,24.96,118800,3117
2016-12-15,25.0,25.0299,24.9,24.96,267609,3117
2016-12-16,25.04,25.15,24.96,24.99,146275,3117
2016-12-19,25.02,25.12,24.95,24.99,150000,3117
2016-12-20,25.02,25.13,25.0,25.05,513011,3117
2016-12-21,25.1,25.24,25.05,25.22,92177,3117
2016-12-22,25.22,25.49,25.18,25.41,59510,3117
2016-12-23,25.41,25.53,25.25,25.26,81783,3117
2016-12-27,25.29,25.44,25.07,25.17,92918,3117
2016-12-28,25.21,25.35,25.085,25.26,83962,3117
2016-12-29,25.28,25.38,25.24,25.29,46813,3117
2016-12-30,25.34,25.38,25.27,25.3,69821,3117
2017-01-03,25.31,25.62,25.31,25.61,60724,3117
2017-01-04,25.6,25.97,25.6,25.94,64194,3117
2017-01-05,25.95,26.17,25.87,26.17,108131,3117
2017-01-06,26.03,26.34,25.99,26.1,106960,3117
2017-01-09,26.12,26.34,25.99,26.22,82299,3117
2017-01-10,26.15,26.284,26.15,26.27,53234,3117
2017-01-11,26.2,26.32,26.09,26.21,95620,3117
2017-01-12,26.2,26.31,26.16,26.26,60046,3117
2017-01-13,26.28,26.305,26.21,26.23,113014,3117
2017-01-17,26.22,26.34,26.22,26.285,95266,3117
2017-01-18,26.25,26.2893,26.14,26.15,60182,3117
2017-01-19,26.14,26.14,25.77,25.85,113363,3117
2017-01-20,25.95,26.0599,25.65,25.92,43693,3117
2017-01-23,25.86,26.34,25.86,26.25,56266,3117
2017-01-24,26.27,26.27,26.08,26.1,76345,3117
2017-01-25,26.12,26.12,26.02,26.06,47991,3117
2017-01-26,26.06,26.18,26.03,26.04,78239,3117
2017-01-27,26.07,26.12,26.03,26.05,65237,3117
2017-01-30,26.05,26.17,26.04,26.1,51129,3117
2017-01-31,25.81,25.83,25.73,25.82,70685,3117
2017-02-01,25.79,25.9,25.79,25.85,59824,3117
2017-02-02,25.86,26.029,25.85,25.94,60640,3117
2017-02-03,26.0,26.1014,25.9692,26.07,51480,3117
2017-02-06,26.07,26.14,26.01,26.03,90258,3117
2017-02-07,26.03,26.13,26.0,26.04,36883,3117
2017-02-08,26.08,26.2399,26.03,26.1,70476,3117
2017-02-09,26.08,26.142,25.93,25.97,60185,3117
2017-02-10,25.92,26.13,25.92,26.1,33394,3117
2017-02-13,26.13,26.25,26.115,26.18,58902,3117
2017-02-14,26.18,26.205,25.95,26.1,50501,3117
2017-02-15,25.99,26.25,25.97,26.24,123945,3117
2017-02-16,26.24,26.2799,26.09,26.09,77943,3117
2017-02-17,26.1,26.1448,25.99,26.03,54031,3117
2017-02-21,26.02,26.13,25.94,25.97,47935,3117
2017-02-22,25.98,26.05,25.92,26.05,71830,3117
2017-02-23,26.05,26.19,26.01,26.16,71365,3117
2017-02-24,26.2,26.44,26.2,26.38,284501,3117
2017-02-27,26.31,26.47,26.31,26.45,43046,3117
2017-02-28,26.45,26.47,26.28,26.28,106629,3117
2017-03-01,26.18,26.185,25.95,26.14,97221,3117
2017-03-02,26.01,26.13,25.93,25.93,99962,3117
2017-03-03,25.93,26.09,25.88,25.96,77492,3117
2017-03-06,25.94,26.06,25.91,25.91,82785,3117
2017-03-07,25.88,25.94,25.81,25.81,64326,3117
2017-03-08,25.69,25.7499,25.54,25.6,96713,3117
2017-03-09,25.6,25.6,25.285,25.47,166121,3117
2017-03-10,25.47,25.63,25.32,25.585,99192,3117
2017-03-13,25.6,25.61,25.4801,25.58,40358,3117
2017-03-14,25.59,25.7498,25.52,25.74,220680,3117
2017-03-15,25.74,26.0338,25.66,25.99,62484,3117
2017-03-16,26.0,26.109,25.88,25.91,70314,3117
2017-03-17,25.9,25.9699,25.78,25.86,89061,3117
2017-03-20,25.89,25.9,25.72,25.84,92613,3117
2017-03-21,25.8,25.85,25.74,25.84,62221,3117
2017-03-22,25.78,26.0,25.78,25.87,84294,3117
2017-03-23,25.92,26.02,25.88,25.98,104281,3117
2017-03-24,25.96,26.0899,25.95,25.98,67365,3117
2017-03-27,25.98,26.1,25.93,26.0,65296,3117
2017-03-28,26.07,26.07,25.945,25.97,91360,3117
2017-03-29,26.01,26.05,25.97,25.98,88294,3117
2017-03-30,25.97,26.21,25.96,26.21,104705,3117
2017-03-31,26.18,26.41,26.15,26.41,110317,3117
2017-04-03,26.4,26.79,26.3801,26.73,141460,3117
2017-04-04,26.7,26.73,26.54,26.68,77941,3117
2017-04-05,26.61,26.75,26.5,26.51,97131,3117
2017-04-06,26.52,26.68,26.49,26.67,80461,3117
2017-04-07,26.62,26.72,26.61,26.69,48967,3117
2017-04-10,26.72,26.78,26.68,26.68,42612,3117
2017-04-11,26.66,26.72,26.53,26.61,35325,3117
2017-04-12,26.69,26.69,26.6,26.66,54498,3117
2017-04-13,26.6,26.69,26.6,26.69,20308,3117
2017-04-17,26.64,26.73,26.56,26.64,83336,3117
2017-04-18,26.61,26.71,26.56,26.61,89404,3117
2017-04-19,26.61,26.75,26.601,26.7,72828,3117
2017-04-20,26.65,26.79,26.65,26.78,51601,3117
2017-04-21,26.78,26.96,26.7467,26.95,69581,3117
2017-04-24,26.92,27.05,26.92,27.03,51735,3117
2017-04-25,27.05,27.12,26.96,26.96,79424,3117
2017-04-26,27.0,27.05,26.92,26.98,78444,3117
2017-04-27,26.95,27.09,26.95,26.98,57806,3117
2017-04-28,26.71,26.74,26.59,26.74,70064,3117
2017-05-01,26.69,26.72,26.63,26.63,57934,3117
2017-05-02,26.69,26.69,26.52,26.56,211847,3117
2017-05-03,26.54,26.5407,26.45,26.5,107637,3117
2017-05-04,26.54,26.54,26.38,26.45,36601,3117
2017-05-05,26.42,26.5,26.41,26.5,38861,3117
2017-05-08,26.44,26.551,26.44,26.5,111203,3117
2017-05-09,26.47,26.5,26.47,26.5,79953,3117
2017-05-10,26.48,26.56,26.46,26.48,71985,3117
2017-05-11,26.48,26.5452,26.46,26.5,36459,3117
2017-05-12,26.56,26.56,26.47,26.47,74268,3117
2017-05-15,26.48,26.57,26.48,26.51,87699,3117
2017-05-16,26.57,26.58,26.48,26.5,53896,3117
2017-05-17,26.48,26.63,26.39,26.6,67510,3117
2017-05-18,26.51,26.61,26.5,26.51,68510,3117
2017-05-19,26.53,26.626,26.53,26.59,49812,3117
2017-05-22,26.53,26.7,26.52,26.7,46246,3117
2017-05-23,26.72,26.83,26.6201,26.8,44496,3117
2017-05-24,26.8,26.82,26.52,26.57,85564,3117
2017-05-25,26.6,26.66,26.5503,26.65,40859,3117
2017-05-26,26.69,26.7499,26.67,26.68,40886,3117
2017-05-30,26.66,26.67,26.57,26.66,42734,3117
2017-05-31,26.63,26.71,26.6,26.71,66805,3117
2017-06-01,26.71,26.81,26.66,26.81,55060,3117
2017-06-02,26.8,26.98,26.79,26.79,156133,3117
2017-06-05,26.83,26.93,26.83,26.83,52919,3117
2017-06-06,26.82,26.91,26.77,26.77,85150,3117
2017-06-07,26.79,26.8299,26.55,26.61,140458,3117
2017-06-08,26.59,26.63,26.44,26.51,75138,3117
2017-06-09,26.51,26.59,26.49,26.49,58019,3117
2017-06-12,26.51,26.57,26.43,26.49,82097,3117
2017-06-13,26.56,26.61,26.51,26.59,42395,3117
2017-06-14,26.6,26.719,26.6,26.64,61324,3117
2017-06-15,26.7,26.7,26.59,26.63,31720,3117
2017-06-16,26.65,26.75,26.6001,26.74,36195,3117
2017-06-19,26.73,26.75,26.68,26.68,53372,3117
2017-06-20,26.75,26.8,26.69,26.74,92202,3117
2017-06-21,26.77,26.79,26.68,26.78,30786,3117
2017-06-22,26.75,26.84,26.75,26.79,65280,3117
2017-06-23,26.82,26.89,26.78,26.86,49764,3117
2017-06-26,26.9,26.99,26.88,26.9,214621,3117
2017-06-27,26.95,26.95,26.8011,26.82,198100,3117
2017-06-28,26.82,26.857,26.73,26.73,174531,3117
2017-06-29,26.74,26.77,26.65,26.74,65788,3117
2017-06-30,26.75,26.77,26.58,26.7,112783,3117
2017-07-03,26.64,26.75,26.64,26.7,31375,3117
2017-07-05,26.7,26.82,26.67,26.75,95949,3117
2017-07-06,26.71,26.77,26.59,26.63,205543,3117
2017-07-07,26.63,26.9199,26.63,26.88,115819,3117
2017-07-10,26.85,26.95,26.77,26.8,271769,3117
2017-07-11,26.8,26.83,26.71,26.76,109285,3117
2017-07-12,26.81,26.88,26.71,26.75,130993,3117
2017-07-13,26.8,26.8,26.69,26.73,110187,3117
2017-07-14,26.75,26.82,26.71,26.74,79191,3117
2017-07-17,26.73,26.84,26.72,26.8,87958,3117
2017-07-18,26.78,26.86,26.77,26.86,84815,3117
2017-07-19,26.87,26.93,26.85,26.93,61655,3117
2017-07-20,26.93,26.94,26.898,26.94,58899,3117
2017-07-21,26.94,27.0,26.9128,27.0,97240,3117
2017-07-24,27.0,27.01,26.95,26.99,43734,3117
2017-07-25,26.99,27.0399,26.9,26.92,82766,3117
2017-07-26,26.9,27.06,26.87,27.01,78704,3117
2017-07-27,27.03,27.038,26.964,27.0252,41578,3117
2017-07-28,27.02,27.07,26.94,27.06,64297,3117
2017-07-31,26.74,26.7699,26.7,26.76,117948,3117
2017-08-01,26.79,26.8,26.6908,26.76,118721,3117
2017-08-02,26.72,26.88,26.72,26.85,66844,3117
2017-08-03,26.86,26.929,26.82,26.9,82961,3117
2017-08-04,26.93,26.93,26.84,26.9,68415,3117
2017-08-07,26.92,26.9398,26.87,26.9,70227,3117
2017-08-08,26.87,26.93,26.8342,26.9,43033,3117
2017-08-09,26.89,26.9,26.82,26.85,61743,3117
2017-08-10,26.88,26.88,26.67,26.71,112694,3117
2017-08-11,26.79,26.79,26.52,26.77,49594,3117
2017-08-14,26.88,26.95,26.87,26.94,45537,3117
2017-08-15,26.83,26.96,26.81,26.89,50662,3117
2017-08-16,26.9,26.98,26.83,26.83,73498,3117
2017-08-17,26.9,26.9,26.78,26.84,27415,3117
2017-08-18,26.86,27.0,26.795,26.93,38056,3117
2017-08-21,26.93,26.98,26.7601,26.78,50977,3117
2017-08-22,26.78,26.88,26.75,26.78,37246,3117
2017-08-23,26.77,26.94,26.68,26.72,65699,3117
2017-08-24,26.76,26.83,26.74,26.81,53428,3117
2017-08-25,26.81,26.86,26.81,26.83,38052,3117
2017-08-28,26.77,26.91,26.77,26.85,56062,3117
2017-08-29,26.86,26.98,26.7851,26.95,67658,3117
2017-08-30,26.95,27.04,26.82,26.96,112884,3117
2017-08-31,26.94,26.96,26.76,26.96,86585,3117
2017-09-01,26.91,27.06,26.87,26.98,32578,3117
2017-09-05,26.92,27.1,26.911,27.1,157527,3117
2017-09-06,27.09,27.13,27.03,27.09,45661,3117
2017-09-07,27.05,27.16,26.67,26.85,107791,3117
2017-09-08,26.8,26.92,26.67,26.73,158289,3117
2017-09-11,26.8,26.93,26.8,26.86,73129,3117
2017-09-12,26.87,26.98,26.87,26.96,28996,3117
2017-09-13,26.89,27.0747,26.89,26.9734,30145,3117
2017-09-14,26.98,27.04,26.96,27.03,22094,3117
2017-09-15,26.99,27.09,26.96,27.09,45603,3117
2017-09-18,27.05,27.19,27.05,27.16,45393,3117
2017-09-19,27.15,27.25,27.14,27.24,90765,3117
2017-09-20,27.2,27.25,27.16,27.18,64733,3117
2017-09-21,27.14,27.25,27.14,27.25,85241,3117
2017-09-22,27.25,27.265,27.15,27.15,15296,3117
2017-09-25,27.15,27.29,27.11,27.25,62142,3117
2017-09-26,27.25,27.3,27.18,27.29,26303,3117
2017-09-27,27.28,27.28,27.08,27.21,93483,3117
2017-09-28,27.19,27.19,27.1,27.13,35728,3117
2017-09-29,27.15,27.2063,26.98,27.18,94046,3117
2017-10-02,27.12,27.2,27.07,27.11,39938,3117
2017-10-03,27.04,27.15,27.0,27.06,95790,3117
2017-10-04,27.01,27.12,27.01,27.04,73685,3117
2017-10-05,27.07,27.12,27.02,27.07,48100,3117
2017-10-06,27.03,27.03,26.73,26.86,75708,3117
2017-10-09,26.85,27.09,26.71,26.78,34730,3117
2017-10-10,26.78,26.92,26.78,26.86,37529,3117
2017-10-11,26.87,26.901,26.81,26.86,159117,3117
2017-10-12,26.86,26.9,26.85,26.86,249725,3117
2017-10-13,26.88,26.94,26.83,26.85,361995,3117
2017-10-16,26.9,26.9,26.83,26.83,32951,3117
2017-10-17,26.85,26.9,26.81,26.85,161372,3117
2017-10-18,26.81,26.88,26.81,26.85,203214,3117
2017-10-19,26.83,26.89,26.83,26.87,195035,3117
2017-10-20,26.92,26.98,26.84,26.98,81326,3117
2017-10-23,26.9,26.99,26.9,26.99,25661,3117
2017-10-24,26.98,27.04,26.91,26.95,41876,3117
2017-10-25,26.89,26.9,26.8,26.84,62154,3117
2017-10-26,26.82,26.92,26.82,26.85,106013,3117
2017-10-27,26.86,27.029,26.85,26.9297,638687,3117
2017-10-30,26.95,27.07,26.941,26.995,45147,3117
2017-10-31,26.95,27.09,26.95,27.07,111742,3117
2017-11-01,26.63,26.7605,26.63,26.73,59848,3117
2017-11-02,26.67,26.75,26.67,26.74,40210,3117
2017-11-03,26.72,26.72,26.651,26.72,25472,3117
2017-11-06,26.68,26.701,26.61,26.62,27143,3117
2017-11-07,26.67,26.68,26.5632,26.65,128717,3117
2017-11-08,26.6,26.7238,26.6,26.7,35334,3117
2017-11-09,26.63,26.69,26.63,26.63,30169,3117
2017-11-10,26.68,26.68,26.56,26.6361,28912,3117
