Date,Open,High,Low,Close,Volume,stock_id
2016-04-28,5.7311,5.8431,5.5164,5.7031,257046,1228
2016-04-29,5.6004,6.0392,5.5351,5.9458,1397900,1228
2016-05-02,5.8618,5.8711,5.6377,5.7311,405264,1228
2016-05-03,5.7124,5.8338,5.6285,5.7871,472698,1228
2016-05-04,5.6937,5.7405,5.4418,5.6377,3257608,1228
2016-05-05,5.6098,5.7498,5.5817,5.6191,1569875,1228
2016-05-06,5.6191,5.7591,5.5538,5.5631,423725,1228
2016-05-09,5.4604,5.6191,5.4231,5.5071,490199,1228
2016-05-10,5.5071,5.5817,5.4838,5.5071,866559,1228
2016-05-11,5.4884,5.6377,5.437,5.5351,466353,1228
2016-05-12,5.5538,5.6377,5.5071,5.5257,155754,1228
2016-05-13,5.4857,5.6389,5.3613,5.4092,252094,1228
2016-05-16,5.3135,5.5336,5.1028,5.3135,1091801,1228
2016-05-17,5.1507,5.4188,5.1028,5.39,685839,1228
2016-05-18,5.4475,5.5049,5.2178,5.2178,477019,1228
2016-05-19,5.0933,5.2656,5.0933,5.2178,429867,1228
2016-05-20,5.1603,5.299,5.1315,5.189,301015,1228
2016-05-23,5.2464,5.2464,5.0262,5.0837,578288,1228
2016-05-24,4.9975,5.3326,4.9975,5.1315,1158741,1228
2016-05-25,5.1124,5.4283,5.1124,5.3326,677328,1228
2016-05-26,5.3326,5.3613,5.2751,5.3135,993702,1228
2016-05-27,5.3135,5.3326,5.2751,5.323,520723,1228
2016-05-31,5.2847,5.4857,5.2178,5.4379,1937522,1228
2016-06-01,5.4188,5.4857,5.323,5.4857,947303,1228
2016-06-02,5.4953,5.4953,5.3996,5.4379,992262,1228
2016-06-03,5.4283,5.5145,5.3804,5.4953,1473730,1228
2016-06-06,5.4762,5.5432,5.4283,5.4857,405540,1228
2016-06-07,5.4092,5.5432,5.3613,5.5049,512549,1228
2016-06-08,5.5528,5.572,5.4857,5.5432,465701,1228
2016-06-09,5.4667,5.5336,5.3613,5.4283,937139,1228
2016-06-10,5.4188,5.4283,5.2847,5.2943,463274,1228
2016-06-13,5.2656,5.2656,5.1603,5.2368,693941,1228
2016-06-14,5.189,5.2368,5.0933,5.1507,729121,1228
2016-06-15,5.1219,5.2368,5.1219,5.2178,261329,1228
2016-06-16,5.1507,5.2464,5.0167,5.2272,576758,1228
2016-06-17,5.1603,5.3709,5.1603,5.3518,411517,1228
2016-06-20,5.3135,5.4714,5.3135,5.4379,280851,1228
2016-06-21,5.3613,5.4667,5.323,5.3613,373492,1228
2016-06-22,5.3422,5.4762,5.3135,5.3996,395303,1228
2016-06-23,5.4953,5.6389,5.3613,5.4953,275890,1228
2016-06-24,5.3326,5.4379,5.2656,5.4092,247108,1228
2016-06-27,5.3518,5.3518,5.0646,5.2751,509849,1228
2016-06-28,5.3135,5.5528,5.3039,5.5049,292899,1228
2016-06-29,5.4475,5.5921,5.4283,5.5241,334066,1228
2016-06-30,5.4571,5.6293,5.4092,5.5815,198679,1228
2016-07-01,5.5528,5.6389,5.39,5.5049,161050,1228
2016-07-05,5.4571,5.5241,5.3804,5.4953,124170,1228
2016-07-06,5.4188,5.5911,5.3996,5.572,322864,1228
2016-07-07,5.4762,5.5528,5.3996,5.4667,102272,1228
2016-07-08,5.5241,5.5528,5.3709,5.39,10022227,1228
2016-07-11,5.4283,5.5815,5.3804,5.4953,219476,1228
2016-07-12,5.5049,5.5911,5.4906,5.5145,371614,1228
2016-07-13,5.4571,5.6103,5.4188,5.5336,378116,1228
2016-07-14,5.5145,5.6534,5.3518,5.5432,340344,1228
2016-07-15,5.4857,5.6198,5.4857,5.5432,1388329,1228
2016-07-18,5.4857,5.6868,5.4475,5.6677,160702,1228
2016-07-19,5.6389,5.7156,5.5528,5.6103,687488,1228
2016-07-20,5.5336,5.6581,5.5049,5.5336,1202836,1228
2016-07-21,5.5911,5.6485,5.5336,5.572,466262,1228
2016-07-22,5.5241,5.6677,5.4571,5.6007,422637,1228
2016-07-25,5.6677,5.6677,5.5049,5.5624,423039,1228
2016-07-26,5.5528,5.5717,5.4475,5.5145,303835,1228
2016-07-27,5.4762,5.5145,5.39,5.4571,427672,1228
2016-07-28,5.4762,5.5049,5.3613,5.4857,492599,1228
2016-07-29,5.4283,5.5528,5.4188,5.4953,337601,1228
2016-08-01,5.4762,5.5336,5.4188,5.4857,452185,1228
2016-08-02,5.4092,5.5241,5.4092,5.5049,179826,1228
2016-08-03,5.4762,5.6389,5.4667,5.6198,149281,1228
2016-08-04,5.6007,5.6581,5.5624,5.6293,132636,1228
2016-08-05,5.6103,5.6677,5.6007,5.6581,611471,1228
2016-08-08,5.6581,5.8209,5.6007,5.7347,1162315,1228
2016-08-09,5.773,5.773,5.6677,5.706,281824,1228
2016-08-10,5.7442,5.7442,5.6581,5.6964,344278,1228
2016-08-11,5.7156,5.773,5.6581,5.706,129408,1228
2016-08-12,5.7442,5.796,5.572,5.6007,311233,1228
2016-08-15,5.6293,5.6485,5.3996,5.4571,747829,1228
2016-08-16,5.4857,5.5624,5.2751,5.2943,997599,1228
2016-08-17,5.2943,5.2943,5.0454,5.0454,958403,1228
2016-08-18,5.055,5.3135,5.055,5.2272,1084833,1228
2016-08-19,5.189,5.323,5.1507,5.1507,513866,1228
2016-08-22,5.2082,5.256,5.1124,5.2272,295862,1228
2016-08-23,5.2464,5.2943,5.2082,5.2272,662874,1228
2016-08-24,5.2464,5.2847,5.1794,5.256,922439,1228
2016-08-25,5.2656,5.3804,5.1603,5.323,271152,1228
2016-08-26,5.3326,5.3527,5.189,5.256,258391,1228
2016-08-29,5.2847,5.323,5.1986,5.2464,149920,1228
2016-08-30,5.2847,5.3039,5.2082,5.2847,1062802,1228
2016-08-31,5.2464,5.2751,5.0837,5.189,354971,1228
2016-09-01,5.2178,5.2464,5.0693,5.1219,173567,1228
2016-09-02,5.1794,5.2225,5.0837,5.189,215180,1228
2016-09-06,5.1794,5.189,5.0933,5.1507,168179,1228
2016-09-07,5.189,5.189,5.0406,5.1124,141183,1228
2016-09-08,5.1315,5.1603,5.0454,5.1028,219787,1228
2016-09-09,5.0933,5.1411,4.9975,5.0262,369407,1228
2016-09-12,5.0358,5.1028,4.9305,5.0837,170055,1228
2016-09-13,5.0071,5.0262,4.9257,4.9593,344508,1228
2016-09-14,4.9783,4.9783,4.8826,4.8826,206531,1228
2016-09-15,4.9018,4.9975,4.7965,4.8539,448028,1228
2016-09-16,4.8443,4.9209,4.7486,4.8348,302324,1228
2016-09-19,4.8252,4.8826,4.672,4.7677,354731,1228
2016-09-20,4.7486,4.9497,4.739,4.9018,296446,1228
2016-09-21,4.8826,5.0358,4.8348,5.0262,235797,1228
2016-09-22,5.0167,5.0466,4.9497,5.0167,155345,1228
2016-09-23,4.9975,5.0646,4.9305,4.9593,330477,1228
2016-09-26,4.9497,4.9975,4.739,4.7773,366767,1228
2016-09-27,4.7869,4.7869,4.6529,4.672,192839,1228
2016-09-28,4.7008,4.75,4.672,4.6912,273600,1228
2016-09-29,4.6529,4.7659,4.4613,4.5092,438401,1228
2016-09-30,4.4997,4.5667,4.3274,4.5476,1412842,1228
2016-10-03,4.538,4.6241,4.4231,4.5858,377296,1228
2016-10-04,4.5763,4.7008,4.5188,4.5667,329366,1228
2016-10-05,4.6337,4.7294,4.6145,4.6529,265044,1228
2016-10-06,4.6624,4.6817,4.5954,4.6529,385156,1228
2016-10-07,4.6241,4.7582,4.5763,4.6912,499992,1228
2016-10-10,4.7008,4.7103,4.6241,4.6433,113199,1228
2016-10-11,4.5954,4.7677,4.5954,4.6529,236071,1228
2016-10-12,4.672,4.8156,4.6529,4.7582,182099,1228
2016-10-13,4.739,4.8156,4.7198,4.7486,469285,1228
2016-10-14,4.7582,4.8826,4.7103,4.8539,654590,1228
2016-10-17,4.8156,4.9423,4.739,4.8539,281760,1228
2016-10-18,4.9114,4.9593,4.8156,4.9209,291387,1228
2016-10-19,4.9114,5.0262,4.8443,4.9018,269722,1228
2016-10-20,4.9018,4.9832,4.7677,4.7965,362549,1228
2016-10-21,4.7965,4.9257,4.7294,4.8635,547799,1228
2016-10-24,4.873,4.873,4.739,4.8252,290651,1228
2016-10-25,4.8061,4.8635,4.7103,4.7773,338415,1228
2016-10-26,4.7677,4.8061,4.6816,4.7294,865599,1228
2016-10-27,4.7103,4.7198,4.6337,4.6912,219771,1228
2016-10-28,4.6529,4.7772,4.6241,4.7486,1046301,1228
2016-10-31,4.7198,4.8156,4.6816,4.7582,218284,1228
2016-11-01,4.7582,4.8348,4.7198,4.8252,92229,1228
2016-11-02,4.8061,4.9783,4.7486,4.9497,112297,1228
2016-11-03,4.9593,4.9783,4.8348,4.9305,282506,1228
2016-11-04,4.9401,4.9879,4.8539,4.9018,149293,1228
2016-11-07,4.9209,4.9687,4.8635,4.9209,78814,1228
2016-11-08,4.8826,4.9975,4.8826,4.9687,191726,1228
2016-11-09,4.9401,5.0071,4.873,4.9497,178804,1228
2016-11-10,4.9687,4.9687,4.7104,4.7677,685013,1228
2016-11-11,4.7294,4.7486,4.4901,4.5954,241398,1228
2016-11-14,4.5858,4.6816,4.3369,4.356,167422,1228
2016-11-15,4.356,4.5188,4.3369,4.3369,426557,1228
2016-11-16,4.3465,4.4327,4.2987,4.3656,518039,1228
2016-11-17,4.356,4.4134,4.2412,4.2508,353119,1228
2016-11-18,4.2412,4.3991,4.2412,4.3656,204833,1228
2016-11-21,4.4231,4.4231,4.2508,4.2891,196547,1228
2016-11-22,4.2891,4.3571,4.2795,4.2987,490164,1228
2016-11-23,4.3273,4.5236,4.2938,4.4997,231767,1228
2016-11-25,4.4709,4.4997,4.3944,4.4423,39871,1228
2016-11-28,4.4135,4.4901,4.3848,4.3944,156481,1228
2016-11-29,4.4135,4.538,4.4135,4.5092,239875,1228
2016-11-30,4.5476,4.5476,4.4709,4.5092,385326,1228
2016-12-01,4.4997,4.5763,4.4853,4.5476,211438,1228
2016-12-02,4.5188,4.7677,4.4901,4.7103,295297,1228
2016-12-05,4.6816,4.6816,4.4997,4.538,108967,1228
2016-12-06,4.4997,4.5667,4.4613,4.4805,294390,1228
2016-12-07,4.4997,4.6529,4.4805,4.5092,806703,1228
2016-12-08,4.4805,4.5572,4.4709,4.5476,248709,1228
2016-12-09,4.4997,4.6145,4.4805,4.5667,388250,1228
2016-12-12,4.5476,4.605,4.4901,4.5954,286843,1228
2016-12-13,4.5954,4.6433,4.5284,4.6241,287298,1228
2016-12-14,4.5763,4.5906,4.4231,4.4423,135371,1228
2016-12-15,4.4135,4.4997,4.3752,4.4613,241543,1228
2016-12-16,4.4613,4.4987,4.3752,4.4135,169315,1228
2016-12-19,4.3848,4.4901,4.3273,4.4805,157592,1228
2016-12-20,4.4518,4.4518,4.3178,4.3944,182405,1228
2016-12-21,4.3656,4.4087,4.3273,4.3369,150239,1228
2016-12-22,4.356,4.4805,4.356,4.4231,605317,1228
2016-12-23,4.3944,4.3944,4.1646,4.2124,188249,1228
2016-12-27,4.2316,4.2508,4.0688,4.2028,196474,1228
2016-12-28,4.2412,4.4135,4.2412,4.3656,382446,1228
2016-12-29,4.3656,4.4901,4.3369,4.3752,380911,1228
2016-12-30,4.356,4.4423,4.3273,4.356,184656,1228
2017-01-03,4.3465,4.4613,4.3465,4.4231,257532,1228
2017-01-04,4.4327,4.4709,4.3082,4.3178,111227,1228
2017-01-05,4.356,4.538,4.356,4.4423,249948,1228
2017-01-06,4.4613,4.5092,4.3848,4.3848,128052,1228
2017-01-09,4.3752,4.4805,4.3656,4.4135,120834,1228
2017-01-10,4.3752,4.4613,4.3082,4.3465,192195,1228
2017-01-11,4.3848,4.5476,4.3848,4.5284,313237,1228
2017-01-12,4.4997,4.6337,4.4997,4.5763,290418,1228
2017-01-13,4.5954,4.6337,4.5188,4.5858,468094,1228
2017-01-17,4.6145,4.6337,4.4997,4.538,155226,1228
2017-01-18,4.4956,4.7088,4.4956,4.641,95585,1228
2017-01-19,4.6313,4.951,4.6313,4.922,2037194,1228
2017-01-20,4.9123,4.9607,4.8154,4.9413,143218,1228
2017-01-23,4.9123,4.9413,4.8251,4.8444,288079,1228
2017-01-24,4.8638,4.8929,4.8154,4.8541,304080,1228
2017-01-25,4.8348,5.0624,4.8251,5.0285,341457,1228
2017-01-26,5.106,5.1254,4.9123,4.9607,626005,1228
2017-01-27,4.9704,4.9704,4.8251,4.8444,94909,1228
2017-01-30,4.8638,4.8638,4.6119,4.6991,347748,1228
2017-01-31,4.7185,4.7572,4.6507,4.67,79199,1228
2017-02-01,4.67,4.67,4.5053,4.5247,178400,1228
2017-02-02,4.5053,4.6119,4.4666,4.5635,330043,1228
2017-02-03,4.6022,4.7863,4.5732,4.7282,292932,1228
2017-02-06,4.7476,4.7476,4.5732,4.6604,76245,1228
2017-02-07,4.6797,4.6894,4.5732,4.6604,190484,1228
2017-02-08,4.641,4.796,4.6216,4.7572,114050,1228
2017-02-09,4.7669,4.8057,4.7088,4.7282,90856,1228
2017-02-10,4.7476,4.7863,4.6894,4.7669,220781,1228
2017-02-13,4.7476,4.9026,4.7476,4.8735,337205,1228
2017-02-14,4.8541,5.1932,4.8541,5.1836,228794,1228
2017-02-15,4.9995,5.0867,4.9704,4.9704,404845,1228
2017-02-16,4.9026,5.0382,4.8638,4.951,301505,1228
2017-02-17,4.9413,4.9607,4.8251,4.9123,156214,1228
2017-02-21,4.8541,5.0092,4.8251,4.9995,184224,1228
2017-02-22,4.9704,4.9704,4.7766,4.8444,299473,1228
2017-02-23,4.8735,4.9316,4.796,4.8444,843398,1228
2017-02-24,4.8348,4.8638,4.7282,4.8638,210243,1228
2017-02-27,4.8444,4.9413,4.8251,4.8929,111029,1228
2017-02-28,4.8929,4.9607,4.8251,4.8929,147827,1228
2017-03-01,4.8057,4.922,4.7766,4.8541,67499,1228
2017-03-02,4.8154,4.8638,4.7379,4.7476,200183,1228
2017-03-03,4.7282,4.8735,4.7282,4.8251,127825,1228
2017-03-06,4.7863,4.8843,4.7669,4.8638,206694,1228
2017-03-07,4.8735,5.0188,4.8057,4.9704,226793,1228
2017-03-08,4.9704,5.0092,4.8444,4.8638,302019,1228
2017-03-09,4.8638,4.9026,4.7282,4.7669,462084,1228
2017-03-10,4.8444,4.9123,4.8057,4.8251,203140,1228
2017-03-13,4.8444,5.0576,4.8348,4.9607,232748,1228
2017-03-14,4.9413,4.951,4.7766,4.8929,491517,1228
2017-03-15,4.8929,4.9898,4.8348,4.8929,164285,1228
2017-03-16,4.9316,5.0964,4.9316,5.077,249716,1228
2017-03-17,5.0964,5.106,4.9607,4.9995,232181,1228
2017-03-20,4.9898,5.106,4.9413,5.0285,279249,1228
2017-03-21,5.0673,5.1496,4.9607,4.9801,310077,1228
2017-03-22,4.9607,5.0382,4.9026,4.9413,998403,1228
2017-03-23,4.951,5.0479,4.9026,5.0188,251645,1228
2017-03-24,5.0285,5.1186,4.951,5.0576,360723,1228
2017-03-27,5.0576,5.0964,5.0043,5.0673,665032,1228
2017-03-28,5.0673,5.2707,5.0512,5.2417,377644,1228
2017-03-29,5.2417,5.3095,5.1642,5.2223,315047,1228
2017-03-30,5.232,5.3483,5.232,5.3289,111979,1228
2017-03-31,5.358,5.358,5.2611,5.3289,241342,1228
2017-04-03,5.3289,5.4403,5.2611,5.4355,210567,1228
2017-04-04,5.4258,5.4306,5.3105,5.3386,564046,1228
2017-04-05,5.358,5.4839,5.3095,5.3967,976432,1228
2017-04-06,5.4064,5.5033,5.4064,5.4645,222329,1228
2017-04-07,5.4645,5.4645,5.4016,5.4355,117540,1228
2017-04-10,5.4548,5.4548,5.358,5.4161,108742,1228
2017-04-11,5.4064,5.4548,5.3484,5.4355,490386,1228
2017-04-12,5.4355,5.4742,5.3773,5.4161,588281,1228
2017-04-13,5.4258,5.4936,5.3386,5.358,64563,1228
2017-04-17,5.3676,5.542,5.3507,5.4742,318597,1228
2017-04-18,5.4742,5.4742,5.2998,5.3289,95111,1228
2017-04-19,5.3289,5.3773,5.2804,5.3289,92488,1228
2017-04-20,5.3483,5.3483,5.1836,5.232,331265,1228
2017-04-21,5.2126,5.2514,5.14,5.1836,325345,1228
2017-04-24,5.2126,5.3095,5.1448,5.2804,328667,1228
2017-04-25,5.2611,5.3289,5.1836,5.2514,296128,1228
2017-04-26,5.2611,5.4645,5.2611,5.4258,248655,1228
2017-04-27,5.3676,5.4839,5.358,5.3773,358652,1228
2017-04-28,5.3967,5.4452,5.2611,5.2901,271517,1228
2017-05-01,5.2998,5.2998,5.2029,5.2417,49424,1228
2017-05-02,5.2708,5.4161,5.2514,5.358,267386,1228
2017-05-03,5.387,5.4112,5.2514,5.2901,534752,1228
2017-05-04,5.2901,5.2998,5.0964,5.2223,407417,1228
2017-05-05,5.232,5.2998,5.1254,5.2514,134838,1228
2017-05-08,5.2514,5.2514,5.1254,5.1642,185331,1228
2017-05-09,5.1739,5.2611,5.1545,5.2417,73117,1228
2017-05-10,5.232,5.3095,5.1448,5.2708,286220,1228
2017-05-11,5.2804,5.3676,5.2223,5.3289,160274,1228
2017-05-12,5.3386,5.4258,5.3289,5.3773,118135,1228
2017-05-15,5.3967,5.4936,5.3676,5.4645,259590,1228
2017-05-16,5.4742,5.5081,5.3967,5.4548,204316,1228
2017-05-17,5.34,5.72,5.32,5.47,233387,1228
2017-05-18,5.41,5.42,5.3,5.4,128641,1228
2017-05-19,5.41,5.54,5.41,5.51,228153,1228
2017-05-22,5.49,5.5499,5.45,5.48,181803,1228
2017-05-23,5.49,5.55,5.37,5.54,180522,1228
2017-05-24,5.56,5.67,5.49,5.61,193403,1228
2017-05-25,5.65,5.765,5.55,5.65,355830,1228
2017-05-26,5.66,5.7,5.51,5.58,226297,1228
2017-05-30,5.56,5.63,5.51,5.61,149975,1228
2017-05-31,5.61,5.65,5.4482,5.46,407183,1228
2017-06-01,5.49,5.66,5.44,5.61,279863,1228
2017-06-02,5.59,5.67,5.5601,5.6,180359,1228
2017-06-05,5.62,5.68,5.58,5.62,206355,1228
2017-06-06,5.65,5.66,5.57,5.62,92619,1228
2017-06-07,5.62,5.68,5.53,5.59,279954,1228
2017-06-08,5.62,5.65,5.52,5.58,306238,1228
2017-06-09,5.6,5.63,5.525,5.58,159531,1228
2017-06-12,5.6,5.62,5.505,5.54,531328,1228
2017-06-13,5.55,5.56,5.45,5.53,333794,1228
2017-06-14,5.56,5.56,5.46,5.52,348248,1228
2017-06-15,5.54,5.54,5.45,5.51,231760,1228
2017-06-16,5.54,5.57,5.43,5.53,339143,1228
2017-06-19,5.57,5.6,5.52,5.58,168909,1228
2017-06-20,5.59,5.65,5.5,5.53,2715281,1228
2017-06-21,5.53,5.63,5.525,5.58,3040380,1228
2017-06-22,5.6,5.65,5.57,5.58,368655,1228
2017-06-23,5.62,5.62,5.53,5.58,373576,1228
2017-06-26,5.6,5.6,5.51,5.55,110159,1228
2017-06-27,5.58,5.58,5.43,5.55,233563,1228
2017-06-28,5.56,5.62,5.49,5.5,255109,1228
2017-06-29,5.53,5.53,5.4,5.43,142708,1228
2017-06-30,5.47,5.54,5.41,5.5,376994,1228
2017-07-03,5.51,5.61,5.4501,5.5,122046,1228
2017-07-05,5.5,5.54,5.46,5.53,179237,1228
2017-07-06,5.53,5.54,5.44,5.5,518830,1228
2017-07-07,5.55,5.58,5.5,5.52,287596,1228
2017-07-10,5.53,5.66,5.53,5.63,190622,1228
2017-07-11,5.63,5.71,5.58,5.63,144575,1228
2017-07-12,5.65,5.677,5.625,5.65,257353,1228
2017-07-13,5.64,5.73,5.62,5.71,260240,1228
2017-07-14,5.73,5.8,5.71,5.73,500240,1228
2017-07-17,5.73,5.78,5.695,5.78,164565,1228
2017-07-18,5.77,5.82,5.7,5.8,238954,1228
2017-07-19,5.82,5.82,5.65,5.67,229591,1228
2017-07-20,5.75,5.75,5.61,5.65,143282,1228
2017-07-21,5.69,5.72,5.61,5.68,470945,1228
2017-07-24,5.7,5.75,5.65,5.72,254123,1228
2017-07-25,5.73,5.85,5.64,5.66,241827,1228
2017-07-26,5.7,5.7,5.58,5.66,218066,1228
2017-07-27,5.65,5.67,5.52,5.58,328491,1228
2017-07-28,5.6,5.6,5.44,5.56,230325,1228
2017-07-31,5.57,5.62,5.44,5.47,1164828,1228
2017-08-01,5.49,5.5,5.37,5.45,127999,1228
2017-08-02,5.46,5.5,5.41,5.47,184319,1228
2017-08-03,5.47,5.5,5.39,5.43,215066,1228
2017-08-04,5.45,5.47,5.387,5.45,206521,1228
2017-08-07,5.45,5.5,5.397,5.44,146913,1228
2017-08-08,5.45,5.5,5.41,5.47,157319,1228
2017-08-09,5.46,5.49,5.36,5.45,171228,1228
2017-08-10,5.46,5.48,5.42,5.45,143361,1228
2017-08-11,5.47,5.52,5.39,5.48,152122,1228
2017-08-14,5.45,5.57,5.43,5.52,162144,1228
2017-08-15,5.53,5.6,5.505,5.56,57613,1228
2017-08-16,5.57,5.66,5.57,5.62,151283,1228
2017-08-17,5.63,5.65,5.55,5.56,234566,1228
2017-08-18,5.58,5.58,5.49,5.52,128821,1228
2017-08-21,5.54,5.57,5.5,5.54,117791,1228
2017-08-22,5.55,5.56,5.52,5.53,63145,1228
2017-08-23,5.55,5.56,5.49,5.54,234831,1228
2017-08-24,5.56,5.58,5.51,5.57,373241,1228
2017-08-25,5.55,5.62,5.55,5.59,135507,1228
2017-08-28,5.71,5.93,5.71,5.86,485007,1228
2017-08-29,5.8,6.07,5.8,6.01,524098,1228
2017-08-30,5.9,6.07,5.82,5.84,232559,1228
2017-08-31,5.87,5.98,5.8,5.86,162066,1228
2017-09-01,5.86,6.0,5.84,5.92,140388,1228
2017-09-05,5.92,6.0,5.82,5.82,341166,1228
2017-09-06,5.83,5.93,5.81,5.87,106687,1228
2017-09-07,5.89,5.95,5.79,5.91,239900,1228
2017-09-08,5.89,5.95,5.84,5.87,136990,1228
2017-09-11,5.92,5.98,5.87,5.92,122953,1228
2017-09-12,5.94,5.96,5.87,5.87,100918,1228
2017-09-13,5.87,5.89,5.69,5.85,272205,1228
2017-09-14,5.84,5.9,5.76,5.84,108082,1228
2017-09-15,5.85,5.925,5.78,5.86,182469,1228
2017-09-18,5.87,5.89,5.82,5.89,91666,1228
2017-09-19,5.87,5.93,5.77,5.82,72077,1228
2017-09-20,5.86,5.99,5.86,5.93,280267,1228
2017-09-21,5.97,6.0,5.87,5.97,237239,1228
2017-09-22,5.98,6.03,5.87,5.87,255918,1228
2017-09-25,5.9,5.98,5.88,5.92,276276,1228
2017-09-26,5.95,6.04,5.9301,5.99,363841,1228
2017-09-27,5.95,6.01,5.93,5.93,226923,1228
2017-09-28,5.93,6.04,5.93,6.01,306143,1228
2017-09-29,6.0,6.07,5.97,6.0,202093,1228
2017-10-02,6.03,6.145,6.03,6.05,200406,1228
2017-10-03,5.99,6.18,5.95,6.15,253085,1228
2017-10-04,6.15,6.21,6.065,6.19,187103,1228
2017-10-05,6.19,6.24,6.12,6.21,143639,1228
2017-10-06,6.19,6.2375,6.12,6.2,153505,1228
2017-10-09,6.27,6.3,6.09,6.13,62713,1228
2017-10-10,6.15,6.31,6.15,6.23,150852,1228
2017-10-11,6.24,6.26,6.06,6.12,249575,1228
2017-10-12,6.15,6.2,6.08,6.13,157729,1228
2017-10-13,6.18,6.27,6.0,6.1,244859,1228
2017-10-16,6.12,6.14,6.08,6.1,107172,1228
2017-10-17,6.13,6.15,5.99,6.1,147950,1228
2017-10-18,6.08,6.1,5.89,5.97,492840,1228
2017-10-19,5.97,6.02,5.92,5.99,125967,1228
2017-10-20,6.02,6.03,5.81,5.94,138353,1228
2017-10-23,5.98,5.99,5.9289,5.97,278038,1228
2017-10-24,5.99,6.05,5.87,5.91,202013,1228
2017-10-25,5.9,5.97,5.88,5.94,138645,1228
2017-10-26,5.95,5.98,5.89,5.95,117949,1228
2017-10-27,5.99,6.01,5.92,5.95,41937,1228
2017-10-30,5.92,5.95,5.8,5.93,104773,1228
2017-10-31,5.93,5.93,5.75,5.89,424665,1228
2017-11-01,5.82,5.83,5.47,5.63,344269,1228
2017-11-02,5.59,5.86,5.59,5.8,193782,1228
2017-11-03,5.77,5.82,5.655,5.8,481804,1228
2017-11-06,5.79,5.82,5.7,5.81,112590,1228
2017-11-07,5.82,5.88,5.72,5.72,105975,1228
2017-11-08,5.7,5.81,5.7,5.72,137451,1228
2017-11-09,5.7,5.76,5.65,5.72,83031,1228
2017-11-10,5.73,5.74,5.66,5.69,128445,1228
