Date,Open,High,Low,Close,Volume,stock_id
2014-11-07,20.1,20.75,19.61,20.49,4852946,5576
2014-11-10,20.3,21.6,20.1,20.67,246722,5576
2014-11-11,20.7,21.49,20.33,20.96,224725,5576
2014-11-12,20.75,21.25,20.55,20.9,144490,5576
2014-11-13,21.05,21.46,20.84,21.35,210113,5576
2014-11-14,21.5,22.71,21.02,22.21,204268,5576
2014-11-17,22.2,22.4,21.56,22.1,154335,5576
2014-11-18,21.85,22.85,21.77,22.69,157236,5576
2014-11-19,22.48,22.83,22.03,22.56,39494,5576
2014-11-20,22.56,22.69,21.76,22.6,183455,5576
2014-11-21,22.27,24.0,22.27,23.57,186140,5576
2014-11-24,23.46,24.3,23.01,23.99,163973,5576
2014-11-25,23.9,24.11,23.41,23.96,164881,5576
2014-11-26,24.08,24.37,23.69,24.0,108895,5576
2014-11-28,24.33,24.42,23.92,24.39,36531,5576
2014-12-01,24.35,24.75,23.06,24.0,196358,5576
2014-12-02,23.5,24.5,23.39,24.2,258778,5576
2014-12-03,24.29,25.325,23.9,24.99,145551,5576
2014-12-04,24.95,25.33,23.82,23.98,104520,5576
2014-12-05,24.63,24.85,23.05,23.56,77369,5576
2014-12-08,23.23,25.05,23.048,24.61,180278,5576
2014-12-09,24.29,25.17,24.0,24.94,148497,5576
2014-12-10,24.72,25.5,24.4,24.84,82763,5576
2014-12-11,24.57,25.0,24.02,24.15,58333,5576
2014-12-12,23.99,24.42,22.46,22.77,83746,5576
2014-12-15,22.84,24.0,22.77,23.45,153702,5576
2014-12-16,23.66,24.0,22.25,23.62,176023,5576
2014-12-17,23.77,24.07,22.63,23.83,183663,5576
2014-12-18,24.06,25.73,23.72,24.48,246720,5576
2014-12-19,24.37,25.59,24.37,24.88,1669886,5576
2014-12-22,24.96,25.5,23.464,25.13,171933,5576
2014-12-23,25.1,26.34,24.64,25.69,147237,5576
2014-12-24,26.28,26.28,25.45,26.13,57067,5576
2014-12-26,26.25,26.25,25.44,25.91,20358,5576
2014-12-29,26.2,26.85,25.58,26.655,74221,5576
2014-12-30,26.02,26.31,25.72,26.07,45553,5576
2014-12-31,25.8,26.04,25.31,25.69,47699,5576
2015-01-02,26.0,26.0,24.58,24.93,76305,5576
2015-01-05,24.86,25.69,24.43,25.13,77495,5576
2015-01-06,24.61,25.67,24.36,25.51,202127,5576
2015-01-07,25.5,25.92,24.99,25.6,120721,5576
2015-01-08,25.52,27.048,24.87,26.84,230327,5576
2015-01-09,26.53,27.92,26.27,27.33,55939,5576
2015-01-12,27.43,27.99,26.595,27.59,119810,5576
2015-01-13,27.59,28.73,26.59,26.9,128549,5576
2015-01-14,26.8,27.19,26.4,26.91,150248,5576
2015-01-15,27.36,27.98,26.745,26.88,123050,5576
2015-01-16,26.77,27.83,26.03,26.96,77947,5576
2015-01-20,28.276,28.276,26.04,26.14,72149,5576
2015-01-21,26.22,26.22,25.07,25.5,101414,5576
2015-01-22,25.1,25.465,24.39,24.58,198846,5576
2015-01-23,24.4,25.21,23.603,23.73,214188,5576
2015-01-26,23.91,25.01,23.57,24.85,145946,5576
2015-01-27,24.67,25.19,24.09,24.59,74171,5576
2015-01-28,24.23,25.01,24.09,24.7,119701,5576
2015-01-29,24.81,25.0,24.09,24.15,84379,5576
2015-01-30,24.0,25.81,23.25,23.3,56772,5576
2015-02-02,23.43,23.72,22.8,23.11,68629,5576
2015-02-03,23.14,23.371,22.51,23.03,247059,5576
2015-02-04,22.99,23.78,22.822,23.42,62475,5576
2015-02-05,23.41,24.1,23.41,23.94,74448,5576
2015-02-06,23.82,23.99,22.51,22.71,161490,5576
2015-02-09,22.71,23.01,22.53,22.63,82249,5576
2015-02-10,22.75,22.87,22.17,22.82,82345,5576
2015-02-11,22.66,22.935,22.54,22.68,127021,5576
2015-02-12,23.52,25.3,23.3,24.64,321583,5576
2015-02-13,24.75,25.402,24.12,24.19,100862,5576
2015-02-17,24.48,25.296,24.23,25.15,57466,5576
2015-02-18,25.3,25.49,24.74,24.83,41600,5576
2015-02-19,24.85,26.463,24.78,25.56,112489,5576
2015-02-20,25.67,25.77,25.252,25.61,52314,5576
2015-02-23,25.78,26.37,25.71,25.99,69314,5576
2015-02-24,27.0,28.41,26.5,27.93,234979,5576
2015-02-25,28.38,31.838,27.69,30.89,299953,5576
2015-02-26,31.02,31.2,29.76,30.51,120415,5576
2015-02-27,30.57,30.78,29.92,29.93,97486,5576
2015-03-02,29.79,30.21,29.35,29.98,97400,5576
2015-03-03,29.99,30.41,29.44,29.65,138500,5576
2015-03-04,29.6,30.46,29.05,29.49,104200,5576
2015-03-05,29.94,30.5,29.54,29.89,157900,5576
2015-03-06,29.65,30.93,29.47,30.28,111800,5576
2015-03-09,30.43,30.75,30.03,30.55,89800,5576
2015-03-10,30.08,30.66,30.0,30.41,94400,5576
2015-03-11,30.34,30.82,30.28,30.71,79900,5576
2015-03-12,30.94,32.29,30.53,31.89,115200,5576
2015-03-13,31.95,32.21,31.39,31.78,178300,5576
2015-03-16,32.05,32.67,31.81,31.98,91900,5576
2015-03-17,31.79,32.34,31.19,31.43,115200,5576
2015-03-18,31.22,32.87,31.22,32.12,191400,5576
2015-03-19,32.14,33.56,32.12,33.08,140400,5576
2015-03-20,33.38,33.47,32.71,32.92,212200,5576
2015-03-23,33.0,33.23,32.86,32.99,59700,5576
2015-03-24,32.99,33.2,32.69,32.99,66200,5576
2015-03-25,32.92,32.92,30.5,31.62,90800,5576
2015-03-26,31.44,32.7,30.91,32.01,74100,5576
2015-03-27,32.07,32.69,31.59,31.94,42600,5576
2015-03-30,32.25,32.7,31.98,32.57,60600,5576
2015-03-31,32.97,34.54,32.65,32.73,134200,5576
2015-04-01,32.51,32.62,31.64,32.0,81500,5576
2015-04-02,32.09,32.6,31.77,32.04,68700,5576
2015-04-06,31.92,32.4,31.3,31.76,69600,5576
2015-04-07,31.8,32.01,30.8,31.08,147955,5576
2015-04-08,31.19,32.17,31.18,32.1,138400,5576
2015-04-09,32.25,32.3,31.16,31.55,80804,5576
2015-04-10,31.8,32.19,30.72,31.64,154300,5576
2015-04-13,31.53,32.08,31.27,31.47,45500,5576
2015-04-14,31.8,31.8,31.0,31.42,107300,5576
2015-04-15,31.6,31.9,31.25,31.55,101149,5576
2015-04-16,31.34,31.76,30.66,31.69,93567,5576
2015-04-17,31.04,31.46,29.69,30.68,162200,5576
2015-04-20,30.82,31.0,30.14,30.53,57660,5576
2015-04-21,30.69,30.69,29.03,29.65,144177,5576
2015-04-22,29.55,30.1,29.12,29.64,161138,5576
2015-04-23,29.22,30.46,29.22,29.72,85800,5576
2015-04-24,29.85,30.64,29.38,30.12,76300,5576
2015-04-27,32.67,38.76,32.25,35.31,599400,5576
2015-04-28,35.64,36.81,35.32,36.58,268800,5576
2015-04-29,37.41,37.41,35.09,35.26,157000,5576
2015-04-30,35.26,35.79,33.28,33.54,166500,5576
2015-05-01,33.55,34.86,33.29,33.77,189100,5576
2015-05-04,34.1,35.85,34.1,35.29,107000,5576
2015-05-05,35.22,35.56,33.83,34.77,194400,5576
2015-05-06,34.4,35.32,32.39,32.54,527032,5576
2015-05-07,30.3,30.82,29.62,30.06,3217938,5576
2015-05-08,30.45,30.98,29.89,30.3,672700,5576
2015-05-11,30.58,32.29,30.34,32.0,1145000,5576
2015-05-12,31.97,32.63,31.371,32.26,598673,5576
2015-05-13,32.48,32.89,31.93,32.74,436700,5576
2015-05-14,32.84,33.84,32.37,33.28,494700,5576
2015-05-15,33.35,34.19,33.04,33.32,572572,5576
2015-05-18,33.19,33.63,32.54,33.24,453243,5576
2015-05-19,33.5,34.02,32.75,33.46,216700,5576
2015-05-20,33.35,33.94,33.21,33.69,238000,5576
2015-05-21,33.79,34.19,33.26,33.65,241100,5576
2015-05-22,33.7,34.31,33.45,33.91,276400,5576
2015-05-26,34.31,34.704,32.84,33.03,281439,5576
2015-05-27,33.35,34.9,32.96,34.7,536300,5576
2015-05-28,34.5,34.5,33.3,33.47,383260,5576
2015-05-29,33.49,34.71,33.26,34.59,470300,5576
2015-06-01,34.87,35.47,34.33,35.15,359500,5576
2015-06-02,35.08,36.16,34.67,35.92,392263,5576
2015-06-03,35.9,37.1,35.76,36.79,371000,5576
2015-06-04,36.74,36.9,35.21,36.21,319900,5576
2015-06-05,36.26,37.48,35.83,37.38,315800,5576
2015-06-08,37.45,37.59,36.54,37.11,251800,5576
2015-06-09,37.1,37.46,36.01,36.68,213430,5576
2015-06-10,36.91,38.08,36.91,37.44,435246,5576
2015-06-11,37.96,38.1,37.4,37.91,242737,5576
2015-06-12,37.67,37.86,37.41,37.65,107400,5576
2015-06-15,37.6,38.03,37.01,37.99,199100,5576
2015-06-16,38.26,38.73,37.8,38.01,382000,5576
2015-06-17,38.16,39.54,37.9,38.4,593400,5576
2015-06-18,38.69,39.44,38.12,38.45,508200,5576
2015-06-19,38.59,39.72,37.92,39.65,531900,5576
2015-06-22,40.34,41.17,39.56,41.04,407300,5576
2015-06-23,41.18,42.45,40.85,42.05,561693,5576
2015-06-24,41.82,42.22,39.21,40.02,583000,5576
2015-06-25,39.85,41.3,38.42,39.22,399000,5576
2015-06-26,39.42,39.95,38.43,38.96,825500,5576
2015-06-29,38.55,39.78,37.75,38.02,219700,5576
2015-06-30,38.02,40.24,37.94,40.12,326380,5576
2015-07-01,40.4,40.76,39.65,40.13,217800,5576
2015-07-02,40.24,40.24,38.42,39.93,167600,5576
2015-07-06,39.66,41.0,39.35,40.55,344300,5576
2015-07-07,40.59,40.85,39.44,40.69,168600,5576
2015-07-08,40.28,40.33,39.52,39.92,165200,5576
2015-07-09,40.49,40.75,39.76,39.88,246400,5576
2015-07-10,40.6,41.98,39.82,41.74,241100,5576
2015-07-13,42.13,42.29,41.73,41.95,178100,5576
2015-07-14,41.86,42.87,41.65,42.49,112987,5576
2015-07-15,42.59,42.98,41.91,42.28,214670,5576
2015-07-16,42.66,43.57,42.34,43.46,140900,5576
2015-07-17,43.6,44.0,42.33,43.14,117200,5576
2015-07-20,43.39,43.99,43.0,43.87,221100,5576
2015-07-21,44.02,44.02,40.61,41.8,366000,5576
2015-07-22,41.5,42.07,41.34,41.95,254200,5576
2015-07-23,42.0,42.0,40.38,40.52,358900,5576
2015-07-24,40.49,41.88,39.47,41.75,295600,5576
2015-07-27,41.65,43.25,40.85,41.5,241600,5576
2015-07-28,41.54,42.37,41.13,42.13,144200,5576
2015-07-29,42.15,43.68,41.83,43.16,247300,5576
2015-07-30,46.0,48.18,44.0,47.62,624600,5576
2015-07-31,48.44,50.13,47.31,50.03,414800,5576
2015-08-03,50.27,51.69,48.91,50.08,759699,5576
2015-08-04,50.25,50.85,49.53,49.77,334900,5576
2015-08-05,49.82,50.63,49.38,50.15,430700,5576
2015-08-06,50.1,50.25,46.82,48.57,363021,5576
2015-08-07,48.25,49.21,47.81,48.99,306900,5576
2015-08-10,49.55,50.28,48.27,49.31,306000,5576
2015-08-11,48.96,49.55,48.0,48.2,203039,5576
2015-08-12,43.65,45.17,43.63,44.9,3099800,5576
2015-08-13,45.0,45.4,44.25,44.25,989900,5576
2015-08-14,44.38,45.44,44.08,44.47,423700,5576
2015-08-17,44.67,44.94,43.87,44.45,989300,5576
2015-08-18,44.68,44.89,44.17,44.42,881800,5576
2015-08-19,44.15,44.68,43.69,43.88,491400,5576
2015-08-20,43.2,44.1,43.13,43.21,428300,5576
2015-08-21,42.56,43.92,41.82,42.36,1175100,5576
2015-08-24,39.71,41.53,37.53,39.96,587362,5576
2015-08-25,41.9,42.3,40.65,40.8,750900,5576
2015-08-26,41.99,41.99,40.6,41.73,394900,5576
2015-08-27,42.3,42.75,41.09,42.09,350900,5576
2015-08-28,41.84,42.21,41.39,42.01,351600,5576
2015-08-31,41.41,41.67,40.81,41.01,430300,5576
2015-09-01,40.97,42.16,40.88,40.98,837700,5576
2015-09-02,41.56,42.96,41.2,42.75,499700,5576
2015-09-03,43.11,43.47,42.13,42.34,311700,5576
2015-09-04,41.85,42.32,41.41,41.67,348200,5576
2015-09-08,42.7,43.22,41.8,43.1,389200,5576
2015-09-09,43.65,43.88,42.74,42.95,341400,5576
2015-09-10,42.72,44.69,42.72,44.52,286825,5576
2015-09-11,44.28,44.9,43.45,44.37,255300,5576
2015-09-14,44.71,46.41,44.41,45.76,590700,5576
2015-09-15,45.75,47.05,45.28,46.65,324100,5576
2015-09-16,47.01,47.12,45.86,46.45,172100,5576
2015-09-17,46.36,48.3,46.36,47.65,173500,5576
2015-09-18,47.19,48.02,47.0,47.57,266000,5576
2015-09-21,47.8,48.21,45.63,46.62,225200,5576
2015-09-22,45.98,46.36,45.0,45.69,227100,5576
2015-09-23,45.85,45.86,45.1,45.59,224200,5576
2015-09-24,45.44,45.64,43.6,44.69,175648,5576
2015-09-25,45.13,45.33,41.38,41.78,602200,5576
2015-09-28,41.17,41.5,38.3,39.3,640067,5576
2015-09-29,39.25,40.69,38.76,39.78,278700,5576
2015-09-30,40.44,40.83,39.31,40.0,290400,5576
2015-10-01,39.84,40.44,39.32,40.38,245400,5576
2015-10-02,40.33,42.25,39.96,42.22,419900,5576
2015-10-05,42.5,42.5,40.62,41.11,316006,5576
2015-10-06,40.8,41.28,38.61,38.73,477400,5576
2015-10-07,38.68,40.17,38.11,40.03,410600,5576
2015-10-08,40.5,41.92,38.32,39.24,261500,5576
2015-10-09,39.38,40.79,39.06,40.52,311900,5576
2015-10-12,40.55,40.62,39.28,40.32,209922,5576
2015-10-13,40.06,42.18,40.06,41.11,367800,5576
2015-10-14,41.2,42.02,39.8,40.25,201700,5576
2015-10-15,40.26,40.86,39.38,40.83,419400,5576
2015-10-16,40.88,42.72,40.88,42.25,266800,5576
2015-10-19,41.98,42.89,41.2,42.8,243300,5576
2015-10-20,42.65,43.148,41.13,42.06,131077,5576
2015-10-21,42.33,42.58,39.52,40.39,352100,5576
2015-10-22,40.55,40.55,37.97,38.24,412100,5576
2015-10-23,37.74,40.52,37.51,39.92,331300,5576
2015-10-26,40.09,40.6,39.29,39.56,205200,5576
2015-10-27,39.45,40.55,39.14,40.24,277500,5576
2015-10-28,40.09,41.05,38.94,39.98,447400,5576
2015-10-29,43.25,43.48,38.97,39.67,646800,5576
2015-10-30,39.79,41.84,39.27,41.71,624500,5576
2015-11-02,41.66,45.49,41.474,44.75,752147,5576
2015-11-03,44.51,44.71,43.1,43.8,286300,5576
2015-11-04,44.02,45.046,43.29,43.84,236825,5576
2015-11-05,43.8,44.0,42.82,43.64,202800,5576
2015-11-06,43.22,44.29,42.96,44.02,436700,5576
2015-11-09,44.08,46.45,44.08,45.5,415920,5576
2015-11-10,45.32,46.93,45.3,46.53,266600,5576
2015-11-11,47.0,47.28,45.8,46.01,239900,5576
2015-11-12,45.78,46.29,44.6,45.0,248400,5576
2015-11-13,45.01,46.16,44.37,44.73,223700,5576
2015-11-16,44.66,45.97,44.49,45.37,290800,5576
2015-11-17,45.87,47.18,44.93,46.48,539600,5576
2015-11-18,47.06,47.49,46.29,46.9,336000,5576
2015-11-19,47.88,48.8,46.12,46.79,494900,5576
2015-11-20,47.02,48.92,46.76,48.07,396900,5576
2015-11-23,48.5,49.0,47.85,48.2,445400,5576
2015-11-24,47.72,48.59,47.32,48.49,286500,5576
2015-11-25,48.41,49.0,47.99,48.82,128600,5576
2015-11-27,48.93,49.36,48.77,49.16,180400,5576
2015-11-30,49.41,49.7,47.0,47.3,381100,5576
2015-12-01,46.68,48.67,45.11,47.61,465453,5576
2015-12-02,45.15,45.7,43.25,43.38,2992623,5576
2015-12-03,43.68,45.71,43.55,43.86,1120275,5576
2015-12-04,44.0,45.9,43.8,45.49,969900,5576
2015-12-07,45.74,45.81,44.05,44.75,511500,5576
2015-12-08,44.6,45.7,44.6,45.52,664530,5576
2015-12-09,46.0,46.0,44.4,44.94,604900,5576
2015-12-10,45.0,45.64,44.25,44.82,394500,5576
2015-12-11,44.25,45.23,44.25,44.35,709200,5576
2015-12-14,44.32,45.5,44.07,45.32,777618,5576
2015-12-15,46.0,46.58,45.34,46.35,567600,5576
2015-12-16,46.82,48.24,46.43,48.0,558400,5576
2015-12-17,48.47,49.4,47.3,48.44,577900,5576
2015-12-18,48.26,48.84,47.39,47.5,1854400,5576
2015-12-21,48.0,48.86,47.53,48.12,276100,5576
2015-12-22,48.41,48.88,47.5,48.52,232093,5576
2015-12-23,48.66,49.99,48.56,49.07,345400,5576
2015-12-24,49.15,49.61,48.76,49.2,156258,5576
2015-12-28,48.94,49.61,48.83,49.13,447266,5576
2015-12-29,49.5,50.4,49.05,49.52,405313,5576
2015-12-30,49.5,49.69,48.88,49.44,192442,5576
2015-12-31,48.64,48.865,45.9,48.51,949351,5576
2016-01-04,48.0,48.13,46.0,46.61,805150,5576
2016-01-05,46.96,47.77,46.86,47.12,372305,5576
2016-01-06,46.67,47.5,46.25,47.23,337137,5576
2016-01-07,46.18,46.4624,45.38,45.61,464545,5576
2016-01-08,45.79,46.959,44.91,45.03,532063,5576
2016-01-11,45.13,45.93,43.76,45.0,564800,5576
2016-01-12,45.21,45.91,43.74,45.29,256697,5576
2016-01-13,45.48,45.48,41.38,42.21,492659,5576
2016-01-14,42.21,44.44,41.885,43.69,252778,5576
2016-01-15,42.39,43.43,42.1201,43.31,223798,5576
2016-01-19,43.94,44.37,42.37,42.88,375200,5576
2016-01-20,42.39,44.32,41.15,43.97,368440,5576
2016-01-21,44.24,45.1,43.22,43.48,339765,5576
2016-01-22,43.68,45.32,42.4411,45.24,403719,5576
2016-01-25,44.95,46.7218,44.33,44.99,336574,5576
2016-01-26,45.28,45.28,42.39,43.82,309424,5576
2016-01-27,43.77,43.89,40.78,41.42,341120,5576
2016-01-28,41.82,42.14,40.07,41.92,366226,5576
2016-01-29,42.01,42.97,41.1301,42.13,481344,5576
2016-02-01,41.56,41.6,39.49,41.21,603479,5576
2016-02-02,40.61,41.12,39.79,40.67,363679,5576
2016-02-03,40.8,40.8,38.1,38.87,545349,5576
2016-02-04,38.58,40.22,38.195,38.76,383727,5576
2016-02-05,38.48,39.827,36.51,36.87,484909,5576
2016-02-08,36.33,36.46,34.65,35.44,652612,5576
2016-02-09,34.68,37.46,34.19,36.65,453301,5576
2016-02-10,36.84,38.41,35.23,37.8,367863,5576
2016-02-11,37.04,38.661,36.76,38.31,427523,5576
2016-02-12,38.31,38.7,37.57,38.29,325109,5576
2016-02-16,38.74,39.57,38.1,38.93,330683,5576
2016-02-17,39.12,40.02,38.57,39.28,331852,5576
2016-02-18,39.37,40.09,38.65,39.01,295096,5576
2016-02-19,38.83,39.49,37.98,39.08,220401,5576
2016-02-22,39.91,40.69,39.55,39.66,274964,5576
2016-02-23,39.63,40.03,38.93,39.7,308117,5576
2016-02-24,39.33,40.425,38.28,40.05,538631,5576
2016-02-25,40.12,42.58,37.27,38.97,935065,5576
2016-02-26,39.01,41.04,39.01,39.95,456892,5576
2016-02-29,40.44,40.48,38.79,39.68,383395,5576
2016-03-01,40.09,41.39,39.53,41.33,393052,5576
2016-03-02,41.13,41.85,40.101,41.53,436599,5576
2016-03-03,41.65,41.67,38.64,39.46,564343,5576
2016-03-04,39.23,39.95,38.7,38.98,380148,5576
2016-03-07,39.0,40.65,38.62,40.04,304170,5576
2016-03-08,39.9,41.58,39.53,41.04,711015,5576
2016-03-09,41.0,42.18,40.67,40.92,557215,5576
2016-03-10,41.45,41.74,40.54,40.97,425718,5576
2016-03-11,41.2,42.92,40.75,42.26,644742,5576
2016-03-14,42.8,42.99,41.96,42.03,602930,5576
2016-03-15,41.7,42.4,40.31,40.7,560439,5576
2016-03-16,40.69,41.88,40.0,40.49,487993,5576
2016-03-17,40.2,40.44,39.28,40.27,773790,5576
2016-03-18,40.47,40.92,39.19,40.91,835846,5576
2016-03-21,40.62,40.92,40.08,40.24,425641,5576
2016-03-22,40.0,41.2,40.0,40.85,433890,5576
2016-03-23,40.78,40.78,39.79,39.95,397078,5576
2016-03-24,39.96,41.24,39.6701,40.46,315781,5576
2016-03-28,40.4,40.96,39.72,40.7,329963,5576
2016-03-29,40.48,41.43,40.1,40.94,515331,5576
2016-03-30,41.3,41.65,40.19,40.68,559065,5576
2016-03-31,40.82,41.82,40.56,41.21,448418,5576
2016-04-01,40.83,42.75,40.5,42.56,287560,5576
2016-04-04,42.46,43.16,42.13,42.74,355526,5576
2016-04-05,42.39,43.45,42.1,42.38,201797,5576
2016-04-06,42.43,44.43,42.43,44.35,326140,5576
2016-04-07,44.02,44.28,43.08,44.19,401194,5576
2016-04-08,44.51,44.51,43.855,44.12,367265,5576
2016-04-11,44.44,45.97,43.93,45.55,821646,5576
2016-04-12,45.26,48.36,45.085,47.37,2118474,5576
2016-04-13,47.56,48.79,46.52,48.48,1061313,5576
2016-04-14,48.69,49.6,47.36,48.53,1199601,5576
2016-04-15,48.09,49.62,47.7,49.31,731582,5576
2016-04-18,49.53,57.11,48.39,49.68,6095040,5576
2016-04-19,50.34,50.91,47.89,47.99,1029570,5576
2016-04-20,48.01,49.0,46.83,48.3,364651,5576
2016-04-21,48.38,49.1,47.58,49.04,386931,5576
2016-04-22,48.87,49.44,48.145,49.06,296953,5576
2016-04-25,48.85,50.44,48.47,50.34,408153,5576
2016-04-26,50.65,50.99,48.75,49.59,407130,5576
2016-04-27,49.13,49.98,48.72,48.99,359065,5576
2016-04-28,49.02,49.8193,48.51,48.69,471510,5576
2016-04-29,48.54,48.83,47.67,48.13,425766,5576
2016-05-02,48.99,48.99,45.52,47.45,1612157,5576
2016-05-03,44.7,44.7,42.66,43.96,3959729,5576
2016-05-04,44.04,44.18,42.67,42.8,927535,5576
2016-05-05,42.9,44.785,42.45,43.99,1108089,5576
2016-05-06,43.66,44.72,43.4,44.35,971754,5576
2016-05-09,44.18,45.74,44.18,45.45,823238,5576
2016-05-10,45.41,45.98,44.72,45.46,462261,5576
2016-05-11,45.53,46.15,44.4,44.43,389064,5576
2016-05-12,44.75,45.09,43.45,44.08,364126,5576
2016-05-13,44.04,44.89,43.4601,44.18,633265,5576
2016-05-16,44.22,44.99,43.525,44.81,349852,5576
2016-05-17,44.77,45.27,44.0,44.16,388377,5576
2016-05-18,44.06,44.75,43.64,44.37,434731,5576
2016-05-19,44.24,45.0199,43.56,43.95,264074,5576
2016-05-20,44.37,44.67,43.79,44.23,474614,5576
2016-05-23,44.11,44.5,42.6,44.08,360784,5576
2016-05-24,44.22,45.02,43.7,44.82,375863,5576
2016-05-25,45.0,45.02,44.4,44.75,569226,5576
2016-05-26,44.92,45.49,44.48,45.0,1737378,5576
2016-05-27,45.31,45.845,45.03,45.21,506804,5576
2016-05-31,45.24,45.89,43.23,43.45,964897,5576
2016-06-01,43.55,44.45,43.125,43.72,970513,5576
2016-06-02,43.46,44.66,43.46,44.66,708429,5576
2016-06-03,44.42,44.85,43.98,44.23,419319,5576
2016-06-06,44.41,44.41,42.66,43.79,957009,5576
2016-06-07,43.61,44.28,43.56,44.09,449781,5576
2016-06-08,44.05,44.095,43.6,43.8,447226,5576
2016-06-09,43.61,43.8499,42.99,43.06,543288,5576
2016-06-10,42.78,43.11,41.1,41.23,1074794,5576
2016-06-13,41.13,41.4,39.9,40.3,1094630,5576
2016-06-14,40.23,40.48,39.43,39.49,369693,5576
2016-06-15,39.52,40.4,38.86,38.97,411436,5576
2016-06-16,38.74,38.96,38.14,38.36,483576,5576
2016-06-17,38.26,38.37,37.0,37.41,802449,5576
2016-06-20,37.71,38.49,37.49,38.185,773179,5576
2016-06-21,38.59,39.0,38.37,38.76,709317,5576
2016-06-22,38.68,39.13,37.96,38.45,551502,5576
2016-06-23,38.88,39.56,38.51,39.43,672008,5576
2016-06-24,37.7,39.49,36.8,38.58,3750457,5576
2016-06-27,38.3,38.3,36.7,36.93,730123,5576
2016-06-28,37.36,37.88,37.0,37.77,403696,5576
2016-06-29,37.95,38.61,37.8,38.05,533271,5576
2016-06-30,37.99,38.155,36.82,38.13,1006421,5576
2016-07-01,37.97,38.56,37.74,37.86,391250,5576
2016-07-05,37.53,38.01,37.27,37.83,652372,5576
2016-07-06,37.44,38.91,37.44,38.71,433286,5576
2016-07-07,38.68,39.29,38.42,38.71,398535,5576
2016-07-08,38.77,39.99,38.68,39.57,460940,5576
2016-07-11,39.88,40.41,39.64,40.29,246811,5576
2016-07-12,40.37,40.99,39.88,40.78,397451,5576
2016-07-13,40.94,41.23,40.54,40.84,390340,5576
2016-07-14,41.03,41.65,40.615,41.62,292829,5576
2016-07-15,41.7,41.75,41.12,41.21,725851,5576
2016-07-18,41.41,42.42,41.22,41.98,218108,5576
2016-07-19,41.73,42.4,41.7,42.06,328876,5576
2016-07-20,42.27,43.33,42.21,43.13,746317,5576
2016-07-21,43.02,43.14,42.491,42.81,289521,5576
2016-07-22,42.85,43.04,42.5,42.65,416426,5576
2016-07-25,42.5,42.69,41.91,42.44,629397,5576
2016-07-26,42.43,44.33,42.18,42.19,739071,5576
2016-07-27,42.38,43.66,41.84,43.57,420181,5576
2016-07-28,44.88,46.42,44.4,44.97,1235590,5576
2016-07-29,45.01,46.27,44.36,44.51,970839,5576
2016-08-01,42.0,43.03,41.75,42.76,4001749,5576
2016-08-02,43.0,43.24,42.5001,42.985,1617512,5576
2016-08-03,42.81,44.58,42.73,44.52,696197,5576
2016-08-04,44.66,45.34,44.14,44.95,510462,5576
2016-08-05,45.18,45.72,44.7,45.63,563061,5576
2016-08-08,45.49,45.973,44.27,45.37,873487,5576
2016-08-09,45.41,45.82,45.11,45.54,452370,5576
2016-08-10,45.37,45.38,44.21,44.92,474212,5576
2016-08-11,44.96,45.23,44.4201,45.01,415106,5576
2016-08-12,46.28,46.295,44.86,45.1,620430,5576
2016-08-15,45.39,46.355,45.045,46.0,1024874,5576
2016-08-16,46.03,46.06,45.14,45.38,427782,5576
2016-08-17,43.8,44.33,43.62,44.02,2965291,5576
2016-08-18,44.19,45.18,44.15,44.7,1280251,5576
2016-08-19,44.43,44.67,44.04,44.5,420739,5576
2016-08-22,44.82,45.94,44.765,45.93,823996,5576
2016-08-23,45.92,46.97,45.92,46.79,938448,5576
2016-08-24,46.96,47.39,45.2053,45.36,801339,5576
2016-08-25,45.44,45.94,44.032,44.12,1246205,5576
2016-08-26,44.08,44.37,43.65,43.8,1150667,5576
2016-08-29,44.02,44.52,43.26,44.18,631594,5576
2016-08-30,44.31,44.55,43.82,44.37,522547,5576
2016-08-31,44.2,44.58,43.43,43.63,679502,5576
2016-09-01,43.75,44.52,43.29,43.82,391329,5576
2016-09-02,43.92,44.29,43.52,44.01,310975,5576
2016-09-06,43.67,44.11,43.05,43.51,508481,5576
2016-09-07,43.71,44.8,43.59,43.6,535790,5576
2016-09-08,43.6,43.69,43.22,43.38,544556,5576
2016-09-09,42.97,43.15,42.17,42.94,576038,5576
2016-09-12,42.26,43.79,42.0,43.67,266275,5576
2016-09-13,43.49,43.5,42.82,42.85,389526,5576
2016-09-14,43.03,43.57,42.86,43.11,295047,5576
2016-09-15,43.15,43.15,42.215,42.94,550008,5576
2016-09-16,42.9,43.24,42.22,42.88,567079,5576
2016-09-19,43.21,43.4425,42.884,43.04,353164,5576
2016-09-20,43.17,43.375,42.57,43.16,323112,5576
2016-09-21,43.51,43.96,43.29,43.88,404863,5576
2016-09-22,44.15,44.97,43.78,44.4,446086,5576
2016-09-23,44.25,45.11,44.24,44.935,439699,5576
2016-09-26,44.61,45.1,43.9,44.39,448003,5576
2016-09-27,44.24,44.75,43.96,44.725,260472,5576
2016-09-28,44.73,45.0,44.11,44.6,369366,5576
2016-09-29,44.63,45.33,43.765,44.2,569569,5576
2016-09-30,44.34,44.95,44.15,44.58,367558,5576
2016-10-03,44.21,45.03,44.21,44.95,339109,5576
2016-10-04,44.9,45.53,44.83,45.16,316286,5576
2016-10-05,45.42,46.55,45.08,46.42,457221,5576
2016-10-06,46.17,46.4199,45.19,46.17,293295,5576
2016-10-07,46.08,46.81,45.87,46.45,415406,5576
2016-10-10,46.55,47.39,46.46,47.0,254431,5576
2016-10-11,46.67,46.9,45.35,45.74,626555,5576
2016-10-12,46.3,46.3,44.58,44.62,441496,5576
2016-10-13,44.45,45.26,44.21,45.02,210683,5576
2016-10-14,45.41,45.88,44.69,44.95,292209,5576
2016-10-17,44.75,45.05,44.055,44.5,195127,5576
2016-10-18,44.9,45.1,44.6,45.0,256734,5576
2016-10-19,44.5,45.4,43.7,45.0,221182,5576
2016-10-20,44.85,46.9,44.85,46.65,497717,5576
2016-10-21,46.35,47.55,46.15,47.4,376284,5576
2016-10-24,47.4,47.95,46.8,46.8,487781,5576
2016-10-25,46.95,47.0,45.75,46.15,393604,5576
2016-10-26,46.05,46.1,44.45,44.7,344880,5576
2016-10-27,44.5,45.2,43.0,43.2,843524,5576
2016-10-28,42.95,43.4,41.1,41.45,1139625,5576
2016-10-31,43.0,46.55,42.65,45.7,1309657,5576
2016-11-01,46.0,46.6,44.95,46.0,740877,5576
2016-11-02,45.95,46.1,44.95,45.5,609226,5576
2016-11-03,45.55,46.15,44.15,44.2,382534,5576
2016-11-04,44.15,45.55,44.15,45.4,374333,5576
2016-11-07,45.7,46.925,45.6,46.7,354357,5576
2016-11-08,46.65,47.55,46.2,46.95,251051,5576
2016-11-09,47.5,49.95,47.125,49.7,862621,5576
2016-11-10,50.0,51.35,49.3,50.05,818119,5576
2016-11-11,48.4,50.95,48.05,50.5,932452,5576
2016-11-14,50.75,51.2,49.4,50.75,626478,5576
2016-11-15,50.65,50.75,49.25,50.1,388573,5576
2016-11-16,49.9,50.7,49.3,50.25,275233,5576
2016-11-17,50.55,50.55,48.705,49.75,921419,5576
2016-11-18,49.7,50.35,49.5,50.2,292123,5576
2016-11-21,50.05,50.75,50.0,50.7,385540,5576
2016-11-22,50.75,51.45,50.15,50.75,505094,5576
2016-11-23,50.25,51.4,49.7,51.3,355256,5576
2016-11-25,51.3,51.5247,50.95,51.4,101448,5576
2016-11-28,51.4,52.0,49.85,50.0,392607,5576
2016-11-29,50.25,50.85,49.6046,50.0,318881,5576
2016-11-30,50.2,50.95,49.2,49.55,348716,5576
2016-12-01,49.95,50.35,48.15,48.65,495991,5576
2016-12-02,48.9,50.0,48.4,48.75,356717,5576
2016-12-05,49.05,49.725,48.1,49.55,394073,5576
2016-12-06,49.6,51.35,49.05,51.2,407876,5576
2016-12-07,50.7,50.7,48.925,49.55,780120,5576
2016-12-08,49.3,50.45,49.25,49.85,420529,5576
2016-12-09,50.0,50.3,49.55,50.15,570523,5576
2016-12-12,50.05,50.9,49.5,50.6,792897,5576
2016-12-13,50.9,51.45,50.85,51.3,508703,5576
2016-12-14,51.25,51.95,49.55,51.25,318293,5576
2016-12-15,51.5,52.0,50.95,51.9,345588,5576
2016-12-16,52.0,52.45,50.6,50.95,691945,5576
2016-12-19,50.85,51.55,50.05,50.45,389267,5576
2016-12-20,50.45,52.05,50.4,51.85,1114411,5576
2016-12-21,52.05,52.545,51.15,51.8,221219,5576
2016-12-22,51.75,52.35,50.3,50.55,458487,5576
2016-12-23,50.75,51.45,50.1,51.3,207463,5576
2016-12-27,51.25,52.15,51.25,51.6,171148,5576
2016-12-28,51.55,51.8,50.85,51.3,219622,5576
2016-12-29,51.35,52.1,51.2,52.0,272601,5576
2016-12-30,52.25,52.75,51.75,52.6,320359,5576
2017-01-03,52.9,52.9,51.25,51.85,534134,5576
2017-01-04,51.8,52.95,51.8,52.45,336660,5576
2017-01-05,52.15,52.85,51.8,52.55,280043,5576
2017-01-06,52.85,53.0,52.3,52.65,332546,5576
2017-01-09,52.75,53.6,52.05,53.1,575924,5576
2017-01-10,53.1,53.65,52.05,53.2,282799,5576
2017-01-11,53.25,53.8,51.75,51.85,341648,5576
2017-01-12,51.5,52.02,50.8,51.55,328309,5576
2017-01-13,51.75,52.45,51.35,51.45,290054,5576
2017-01-17,51.4,51.4,50.5,51.25,345454,5576
2017-01-18,51.3,51.3,50.55,50.95,329497,5576
2017-01-19,50.65,51.3,50.55,50.55,218571,5576
2017-01-20,50.5,51.3,49.65,50.1,390813,5576
2017-01-23,50.05,51.0,49.927,50.35,369913,5576
2017-01-24,50.55,51.3,50.225,50.85,329694,5576
2017-01-25,51.05,52.0,50.85,51.7,251336,5576
2017-01-26,51.65,52.35,51.3,52.05,287152,5576
2017-01-27,52.0,52.25,51.8,52.05,225615,5576
2017-01-30,51.7,51.7,51.25,51.5,265727,5576
2017-01-31,51.25,53.35,51.15,53.0,650113,5576
2017-02-01,53.25,54.4,52.95,53.75,593256,5576
2017-02-02,53.4,53.95,52.85,53.5,390036,5576
2017-02-03,53.75,54.3,53.25,54.15,282592,5576
2017-02-06,53.75,53.85,52.65,53.0,397185,5576
2017-02-07,53.0,53.15,52.35,52.7,304365,5576
2017-02-08,52.65,53.2,52.25,52.45,306387,5576
2017-02-09,52.5,53.3,52.35,53.25,256939,5576
2017-02-10,53.45,53.7,52.65,53.2,244917,5576
2017-02-13,53.4,53.7,52.6,53.15,237205,5576
2017-02-14,53.3,54.35,53.1,54.15,488076,5576
2017-02-15,54.1,55.05,53.65,54.9,515268,5576
2017-02-16,54.9,55.1,53.45,54.2,287598,5576
2017-02-17,54.3,54.8,53.85,54.5,299094,5576
2017-02-21,54.5,54.8,53.75,54.05,273901,5576
2017-02-22,53.85,54.8,53.35,54.55,294995,5576
2017-02-23,54.5,56.05,54.5,55.7,325160,5576
2017-02-24,55.5,55.5,54.4,55.05,399523,5576
2017-02-27,55.1,56.875,54.65,56.55,644093,5576
2017-02-28,46.6,47.0698,40.85,43.65,5467467,5576
2017-03-01,44.55,44.95,43.25,44.25,1691488,5576
2017-03-02,44.15,44.825,43.75,44.7,956068,5576
2017-03-03,44.55,45.65,44.1,45.6,905863,5576
2017-03-06,45.5,45.775,44.855,45.35,809360,5576
2017-03-07,45.05,46.2,44.75,45.85,808572,5576
2017-03-08,45.95,46.775,45.3,46.2,757157,5576
2017-03-09,46.25,46.5,45.3,45.8,588054,5576
2017-03-10,45.95,46.1,44.9,45.55,714069,5576
2017-03-13,45.3,45.675,44.505,45.3,443966,5576
2017-03-14,45.0,45.2,44.3,44.6,1052449,5576
2017-03-15,44.5,45.95,44.25,45.8,679746,5576
2017-03-16,45.8,46.5,45.4,46.3,967165,5576
2017-03-17,45.95,46.25,45.1,45.35,941945,5576
2017-03-20,44.55,44.875,44.2,44.25,768516,5576
2017-03-21,44.2,44.516,43.4,43.9,959289,5576
2017-03-22,44.5,44.5,43.45,44.45,839610,5576
2017-03-23,44.45,44.45,43.7,43.85,682814,5576
2017-03-24,44.0,44.4,43.6,44.15,428863,5576
2017-03-27,43.9,44.15,43.0,43.45,788381,5576
2017-03-28,43.35,43.75,42.65,43.5,951481,5576
2017-03-29,43.5,43.85,42.875,43.8,702977,5576
2017-03-30,45.75,46.1,44.825,45.3,2785656,5576
2017-03-31,45.05,46.0,44.85,45.85,1330367,5576
2017-04-03,45.7,46.4,45.65,45.85,1873149,5576
2017-04-04,45.7,45.9,44.15,44.65,8564281,5576
2017-04-05,44.45,44.8,44.1,44.25,1068116,5576
2017-04-06,44.4,44.4,43.825,44.25,960988,5576
2017-04-07,44.2,44.4,43.7,43.8,988050,5576
2017-04-10,43.8,44.25,43.3,43.75,1109112,5576
2017-04-11,43.6,44.1,43.0,43.2,1259240,5576
2017-04-12,43.6,43.8,42.85,42.95,831863,5576
2017-04-13,42.8,43.75,42.6,42.95,869993,5576
2017-04-17,42.9,43.3,42.6,43.1,553663,5576
2017-04-18,42.85,43.1,42.45,42.95,792168,5576
2017-04-19,43.2,43.7,43.1,43.4,640571,5576
2017-04-20,43.6,44.4,43.1,44.15,690052,5576
2017-04-21,44.0,44.45,42.9,43.95,497004,5576
2017-04-24,44.55,45.0,44.3,44.6,571838,5576
2017-04-25,44.95,44.95,44.05,44.3,1198668,5576
2017-04-26,44.3,44.6,43.75,43.85,1228289,5576
2017-04-27,43.95,44.9,43.75,44.75,862353,5576
2017-04-28,44.75,45.25,44.35,45.0,833114,5576
2017-05-01,45.0,45.55,44.75,45.4,573118,5576
2017-05-02,45.15,45.225,43.25,43.4,2164011,5576
2017-05-03,42.2,42.5,40.85,40.9,2072235,5576
2017-05-04,41.0,42.55,40.65,42.5,2309231,5576
2017-05-05,42.55,42.95,42.25,42.4,1036302,5576
2017-05-08,42.3,42.9,41.55,42.75,1731087,5576
2017-05-09,42.95,43.85,42.95,43.65,1880512,5576
2017-05-10,50.5,53.35,49.35,52.8,4660807,5576
2017-05-11,54.55,55.25,52.55,53.9,2507144,5576
2017-05-12,54.0,55.25,54.0,55.1,1575897,5576
2017-05-15,56.3,56.8,55.15,56.1,1654992,5576
2017-05-16,56.2,57.25,56.2,57.1,1418033,5576
2017-05-17,56.65,57.1,56.0,56.6,1008583,5576
2017-05-18,56.75,57.05,56.4,56.6,1284689,5576
2017-05-19,56.8,56.8,55.8,56.0,888436,5576
2017-05-22,55.9,56.35,55.8,56.2,759367,5576
2017-05-23,56.3,56.325,55.6,55.7,678244,5576
2017-05-24,55.6,56.45,55.55,55.95,677834,5576
2017-05-25,56.0,56.4,55.7,56.3,749550,5576
2017-05-26,56.05,57.05,55.95,56.75,421878,5576
2017-05-30,56.7,57.5,56.3,56.3,632530,5576
2017-05-31,59.2,59.45,56.3,56.85,1353651,5576
2017-06-01,57.05,57.95,56.9,57.55,894022,5576
2017-06-02,57.75,58.225,57.55,57.95,857690,5576
2017-06-05,58.9,58.9,57.9,58.1,829094,5576
2017-06-06,57.8,58.8,55.5878,58.05,412188,5576
2017-06-07,58.0,59.2,57.4,59.0,456727,5576
2017-06-08,59.45,60.75,59.1,60.55,709532,5576
2017-06-09,60.75,61.1,58.4,58.85,1038298,5576
2017-06-12,58.85,59.4,57.7,57.85,906470,5576
2017-06-13,57.9,59.7,57.9,59.25,671833,5576
2017-06-14,59.7,59.95,58.9,59.8,691104,5576
2017-06-15,59.25,59.625,58.85,59.55,693131,5576
2017-06-16,59.3,60.275,59.0,59.75,995346,5576
2017-06-19,60.15,61.1,59.85,60.65,490458,5576
2017-06-20,59.1,60.2,58.35,59.05,723905,5576
2017-06-21,59.25,60.95,57.5,59.95,457641,5576
2017-06-22,60.1,60.7,58.8,59.2,429437,5576
2017-06-23,59.25,59.7,58.65,59.45,1975082,5576
2017-06-26,59.8,59.95,58.5,58.85,612849,5576
2017-06-27,58.9,59.2,58.35,58.8,792251,5576
2017-06-28,59.25,60.325,58.95,59.8,443326,5576
2017-06-29,58.5,59.35,57.775,58.3,874185,5576
2017-06-30,58.2,58.9,58.2,58.5,698742,5576
2017-07-03,58.55,59.0,58.2,58.5,278244,5576
2017-07-05,58.75,58.75,57.45,57.525,864160,5576
2017-07-06,57.0,57.55,56.65,57.0,646859,5576
2017-07-07,57.4,58.05,56.9,57.3,564963,5576
2017-07-10,57.0,57.2,56.2,56.55,912213,5576
2017-07-11,56.6,57.65,56.05,56.85,674621,5576
2017-07-12,57.05,57.6,56.575,57.5,698192,5576
2017-07-13,57.65,57.65,56.2,56.7,578224,5576
2017-07-14,56.75,57.55,56.75,56.9,412130,5576
2017-07-17,57.0,57.4,56.45,57.3,373908,5576
2017-07-18,57.1,57.35,56.675,57.05,571859,5576
2017-07-19,57.45,57.8,56.7,56.95,633002,5576
2017-07-20,57.1,57.2,56.675,56.9,390914,5576
2017-07-21,57.4,57.4,56.35,56.45,387524,5576
2017-07-24,56.45,56.95,56.15,56.95,420018,5576
2017-07-25,57.2,57.3,56.3,56.7,648667,5576
2017-07-26,56.85,56.85,56.0,56.4,636959,5576
2017-07-27,55.5,57.95,54.95,55.35,1391347,5576
2017-07-28,55.25,55.85,54.75,55.45,535001,5576
2017-07-31,55.6,55.65,54.85,55.0,611347,5576
2017-08-01,55.4,57.05,52.878,55.85,619549,5576
2017-08-02,56.15,56.6,55.45,56.45,654120,5576
2017-08-03,56.3,56.4,55.35,55.5,803021,5576
2017-08-04,55.25,55.7,54.8,55.35,525442,5576
2017-08-07,55.65,56.45,55.5,55.9,549184,5576
2017-08-08,55.9,57.4,55.15,56.2,476901,5576
2017-08-09,56.0,56.45,55.35,55.95,693095,5576
2017-08-10,55.9,55.9,54.6,54.9,696260,5576
2017-08-11,55.0,55.2,54.7,54.8,432327,5576
2017-08-14,55.0,56.0,55.0,55.85,401157,5576
2017-08-15,55.9,55.95,55.4,55.45,304547,5576
2017-08-16,55.7,56.125,55.25,55.5,337986,5576
2017-08-17,55.4,56.3243,55.35,55.65,477330,5576
2017-08-18,55.25,56.25,55.05,56.0,645386,5576
2017-08-21,55.35,56.5,55.35,56.25,471080,5576
2017-08-22,56.55,58.55,56.45,58.4,1586123,5576
2017-08-23,58.35,58.7,56.5,56.5,697958,5576
2017-08-24,56.8,56.9,55.9,56.15,464276,5576
2017-08-25,56.35,56.75,55.825,56.2,523255,5576
2017-08-28,56.5,57.45,56.3,57.35,947525,5576
2017-08-29,56.95,58.2,56.95,58.05,742821,5576
2017-08-30,57.85,58.55,57.6,58.35,863823,5576
2017-08-31,58.65,58.9,57.7,58.7,780129,5576
2017-09-01,58.65,59.8,58.05,59.05,1129742,5576
2017-09-05,58.95,59.35,57.95,58.4,920677,5576
2017-09-06,58.45,58.55,54.9,55.25,1853120,5576
2017-09-07,55.4,55.45,53.65,54.2,1516121,5576
2017-09-08,54.0,55.95,54.0,55.55,2035142,5576
2017-09-11,55.75,55.975,54.8,54.95,1017203,5576
2017-09-12,55.0,55.3,54.6,55.0,974447,5576
2017-09-13,55.1,55.1,54.2,54.5,1021270,5576
2017-09-14,54.6,54.775,54.0,54.45,966137,5576
2017-09-15,54.5,54.85,53.8,54.85,1623972,5576
2017-09-18,54.6,54.9,54.2,54.55,1140603,5576
2017-09-19,54.8,54.8,53.45,53.8,1087411,5576
2017-09-20,53.25,53.3,52.25,52.3,1098523,5576
2017-09-21,52.15,52.45,51.0,51.85,972116,5576
2017-09-22,51.9,53.05,51.5,52.0,843606,5576
2017-09-25,51.85,52.25,51.6,52.2,815985,5576
2017-09-26,52.05,53.05,51.375,51.65,710950,5576
2017-09-27,51.75,52.85,51.55,52.7,874325,5576
2017-09-28,52.75,53.25,52.2,52.6,526649,5576
2017-09-29,52.75,52.975,52.15,52.3,630481,5576
2017-10-02,52.6,53.85,52.6,53.15,1039317,5576
2017-10-03,53.35,53.9,52.975,53.45,623873,5576
2017-10-04,53.55,53.95,53.25,53.8,552792,5576
2017-10-05,53.9,54.05,53.1,53.55,386267,5576
2017-10-06,53.55,54.775,53.55,54.45,753142,5576
2017-10-09,55.6,56.1,54.55,55.85,987121,5576
2017-10-10,55.8,56.15,54.4,54.975,806437,5576
2017-10-11,55.25,55.35,54.4,54.75,682702,5576
2017-10-12,54.9,54.9,53.9,54.05,753434,5576
2017-10-13,53.8,54.825,53.55,54.75,544398,5576
2017-10-16,54.95,55.825,54.95,55.75,441084,5576
2017-10-17,55.8,56.2,54.05,54.3,635643,5576
2017-10-18,54.3,55.05,53.9,54.7,423193,5576
2017-10-19,54.7,55.65,54.35,55.55,478415,5576
2017-10-20,56.05,56.05,55.3,55.85,441538,5576
2017-10-23,56.05,56.05,54.375,54.4,447863,5576
2017-10-24,54.65,55.5,54.6,55.25,493139,5576
2017-10-25,55.3,56.9,54.9,55.5,379595,5576
2017-10-26,55.45,57.625,55.25,57.25,622891,5576
2017-10-27,57.4,58.7,57.25,58.25,714606,5576
2017-10-30,57.65,58.3,56.55,56.7,522798,5576
2017-10-31,56.8,57.55,56.5,57.15,491192,5576
2017-11-01,57.5,57.5,56.2,57.2,688980,5576
2017-11-02,57.25,58.05,57.05,57.05,442377,5576
2017-11-03,56.95,58.5,56.75,58.4,523609,5576
2017-11-06,58.45,59.45,58.0,59.0,858396,5576
2017-11-07,58.85,58.85,58.0,58.6,733875,5576
2017-11-08,58.7,59.0087,57.4,57.5,992896,5576
2017-11-09,49.5,49.5,40.05,41.15,3981342,5576
2017-11-10,41.05,41.55,38.25,39.1,1899472,5576
