Date,Open,High,Low,Close,Volume,stock_id
2016-12-16,25.0,25.05,25.0,25.05,460,4787
2016-12-19,25.05,25.05,25.05,25.05,0,4787
2016-12-20,25.014,25.014,25.014,25.014,100,4787
2016-12-21,25.014,25.014,25.014,25.014,0,4787
2016-12-22,25.014,25.014,25.014,25.014,0,4787
2016-12-23,24.77,24.77,24.77,24.77,390,4787
2016-12-27,24.77,24.77,24.77,24.77,0,4787
2016-12-28,24.85,24.85,24.85,24.85,100,4787
2016-12-29,24.72,24.72,24.72,24.72,130,4787
2016-12-30,24.67,24.67,24.65,24.65,200,4787
2017-01-03,24.65,24.65,24.65,24.65,0,4787
2017-01-04,24.65,24.65,24.65,24.65,0,4787
2017-01-05,25.02,25.02,25.02,25.02,100,4787
2017-01-06,25.02,25.02,25.02,25.02,0,4787
2017-01-09,25.02,25.02,25.02,25.02,0,4787
2017-01-10,25.02,25.02,25.02,25.02,0,4787
2017-01-11,25.05,25.05,25.05,25.05,758,4787
2017-01-12,25.0,25.0,24.99,24.99,1700,4787
2017-01-13,24.99,24.99,24.99,24.99,0,4787
2017-01-17,24.9,24.9,24.9,24.9,442,4787
2017-01-18,24.93,24.93,24.895,24.895,964,4787
2017-01-19,24.78,24.79,24.7161,24.79,2352,4787
2017-01-20,24.7956,24.8699,24.7956,24.8699,420,4787
2017-01-23,24.77,24.77,24.7031,24.74,3814,4787
2017-01-24,24.74,24.74,24.74,24.74,0,4787
2017-01-25,24.18,26.35,24.17,25.41,2528,4787
2017-01-26,25.2344,25.2344,25.2344,25.2344,222,4787
2017-01-27,25.2344,25.2344,25.2344,25.2344,0,4787
2017-01-30,24.969,24.969,24.969,24.969,100,4787
2017-01-31,24.88,24.88,24.88,24.88,1200,4787
2017-02-01,24.88,24.88,24.88,24.88,0,4787
2017-02-02,24.995,24.995,24.995,24.995,322,4787
2017-02-03,25.3955,25.3955,25.3955,25.3955,686,4787
2017-02-06,25.21,25.21,25.108,25.108,3514,4787
2017-02-07,25.15,25.16,25.0701,25.0701,4620,4787
2017-02-08,24.97,24.97,24.97,24.97,122,4787
2017-02-09,25.32,25.3299,25.32,25.3299,425,4787
2017-02-10,25.3299,25.3299,25.3299,25.3299,0,4787
2017-02-13,25.61,25.61,25.52,25.57,16285,4787
2017-02-14,25.6417,25.6417,25.5991,25.5991,620,4787
2017-02-15,25.5991,25.5991,25.5991,25.5991,0,4787
2017-02-16,25.7299,25.7299,25.6126,25.6569,975,4787
2017-02-17,25.67,25.68,25.61,25.68,1595,4787
2017-02-21,25.68,25.68,25.68,25.68,0,4787
2017-02-22,25.9508,25.9508,25.78,25.79,835,4787
2017-02-23,25.81,25.81,25.67,25.71,842,4787
2017-02-24,25.71,25.71,25.71,25.71,0,4787
2017-02-27,25.8,26.11,25.8,25.9335,4007,4787
2017-02-28,25.91,25.96,25.7,25.72,525,4787
2017-03-01,25.97,27.0699,25.97,26.07,1065,4787
2017-03-02,25.83,25.83,25.83,25.83,680,4787
2017-03-03,25.9,25.9,25.7125,25.775,2054,4787
2017-03-06,25.57,25.63,25.57,25.63,7558,4787
2017-03-07,25.7,25.7,25.59,25.6026,4965,4787
2017-03-08,25.48,25.48,25.48,25.48,3889,4787
2017-03-09,25.48,25.48,25.48,25.48,0,4787
2017-03-10,25.27,25.27,25.2,25.2,604,4787
2017-03-13,25.4,25.4,25.34,25.39,1447,4787
2017-03-14,25.3,25.3,25.2,25.28,1054,4787
2017-03-15,25.3939,25.67,25.3939,25.6699,4177,4787
2017-03-16,25.6699,25.6699,25.6699,25.6699,0,4787
2017-03-17,25.67,25.67,25.65,25.65,2799,4787
2017-03-20,25.5525,25.62,25.5525,25.5945,447,4787
2017-03-21,25.59,25.59,25.0,25.0,6307,4787
2017-03-22,25.0399,25.0399,25.0399,25.0399,100,4787
2017-03-23,25.07,25.17,25.07,25.17,259,4787
2017-03-24,25.17,25.17,25.17,25.17,0,4787
2017-03-27,24.96,24.96,24.96,24.96,0,4787
2017-03-28,25.23,25.23,25.23,25.23,373,4787
2017-03-29,25.47,25.47,25.42,25.42,13219,4787
2017-03-30,25.4999,25.4999,25.48,25.48,958,4787
2017-04-03,25.3099,25.3099,25.3099,25.3099,622,4787
2017-04-04,25.2696,25.32,25.2198,25.2986,9705,4787
2017-04-05,25.39,25.39,25.24,25.29,13733,4787
2017-04-06,25.26,25.26,25.1963,25.2,2036,4787
2017-04-07,25.2084,25.2492,25.2084,25.2492,904,4787
2017-04-10,25.4413,25.45,25.248,25.45,2255,4787
2017-04-11,25.35,25.48,25.35,25.48,544,4787
2017-04-12,25.51,25.51,25.24,25.24,6615,4787
2017-04-13,26.01,26.01,25.24,25.25,3897,4787
2017-04-17,25.17,25.17,25.145,25.145,1195,4787
2017-04-18,25.26,25.26,25.2103,25.2103,964,4787
2017-04-19,25.44,25.44,25.36,25.36,715,4787
2017-04-20,25.4602,25.6094,25.4602,25.6094,712,4787
2017-04-21,25.61,25.61,25.48,25.59,538,4787
2017-04-24,25.85,25.85,25.85,25.85,103,4787
2017-04-25,26.07,26.07,26.06,26.06,230,4787
2017-04-26,26.64,26.64,26.27,26.27,586,4787
2017-04-27,26.2,26.2,26.1,26.1,456,4787
2017-04-28,26.0,26.0,25.88,25.88,1010,4787
2017-05-01,25.836,25.846,25.836,25.846,269,4787
2017-05-02,25.846,25.846,25.846,25.846,0,4787
2017-05-03,25.5623,25.5623,25.5623,25.5623,407,4787
2017-05-04,25.85,25.85,25.5,25.62,4604,4787
2017-05-05,25.6528,25.6908,25.6528,25.67,532,4787
2017-05-08,25.69,25.69,25.66,25.66,981,4787
2017-05-09,25.66,25.6853,25.66,25.661,583,4787
2017-05-10,25.73,25.83,25.6998,25.83,2070,4787
2017-05-11,25.666,25.666,25.666,25.666,446,4787
2017-05-12,25.666,25.666,25.666,25.666,0,4787
2017-05-15,25.7257,25.7257,25.6516,25.6516,479,4787
2017-05-16,25.56,25.6016,25.532,25.6016,8359,4787
2017-05-17,25.39,25.39,25.125,25.125,1901,4787
2017-05-18,25.0801,25.0934,25.0801,25.0934,533,4787
2017-05-19,25.3601,25.3637,25.36,25.36,1291,4787
2017-05-22,25.3201,25.4594,25.3201,25.4594,669,4787
2017-05-23,25.5383,25.5383,25.5383,25.5383,288,4787
2017-05-24,25.5537,25.61,25.5537,25.6092,4234,4787
2017-05-25,25.778,25.778,25.778,25.778,252,4787
2017-05-26,25.6099,25.6099,25.541,25.541,6104,4787
2017-05-30,25.5299,25.5299,25.5099,25.5099,1223,4787
2017-05-31,25.4886,25.4886,25.333,25.333,348,4787
2017-06-01,25.75,25.75,25.75,25.75,1360,4787
2017-06-02,26.25,26.25,26.07,26.07,1353,4787
2017-06-05,26.01,26.01,25.9101,25.95,1031,4787
2017-06-06,25.85,25.92,25.73,25.92,7335,4787
2017-06-07,25.7912,25.7912,25.7912,25.7912,1400,4787
2017-06-08,26.03,26.1039,26.03,26.1039,2487,4787
2017-06-09,26.23,26.28,26.1562,26.1562,598,4787
2017-06-12,26.18,26.18,26.15,26.1728,381,4787
2017-06-13,26.3957,26.3957,26.33,26.33,1109,4787
2017-06-14,26.34,26.34,26.17,26.17,2717,4787
2017-06-15,26.06,26.08,26.06,26.08,348,4787
2017-06-16,26.03,26.07,25.9492,26.07,3056,4787
2017-06-19,26.22,26.22,26.1694,26.21,32413,4787
2017-06-20,26.19,26.19,25.94,25.94,1487,4787
2017-06-21,26.02,26.03,25.8577,25.8577,549,4787
2017-06-22,25.9589,25.99,25.9589,25.99,1098,4787
2017-06-23,26.03,26.07,26.02,26.07,1589,4787
2017-06-26,26.1816,26.21,26.0601,26.21,2235,4787
2017-06-27,26.12,26.2,25.95,25.95,103038,4787
2017-06-28,26.1699,26.4306,26.1699,26.2696,5368,4787
2017-06-29,26.31,26.31,25.93,26.04,4474,4787
2017-06-30,26.14,26.14,26.11,26.1192,1050,4787
2017-07-03,26.27,26.3291,26.18,26.29,12445,4787
2017-07-05,26.16,26.1664,26.14,26.14,906,4787
2017-07-06,26.0799,26.0799,25.89,25.9,884,4787
2017-07-07,26.5,26.5,25.93,26.0499,4620,4787
2017-07-10,26.19,26.19,26.19,26.19,259,4787
2017-07-11,26.07,26.09,26.01,26.09,3501,4787
2017-07-12,26.38,26.38,26.275,26.29,774,4787
2017-07-13,26.54,26.54,26.214,26.2228,1918,4787
2017-07-14,26.37,26.45,26.315,26.41,1386,4787
2017-07-17,26.44,26.4806,26.42,26.4296,2052,4787
2017-07-18,26.43,26.43,26.3,26.3698,6964,4787
2017-07-19,26.59,26.63,26.533,26.63,656,4787
2017-07-20,26.72,26.72,26.62,26.62,547,4787
2017-07-21,26.61,26.61,26.5066,26.55,6076,4787
2017-07-24,26.58,26.63,26.58,26.63,1267,4787
2017-07-25,26.75,26.8,26.73,26.8,6288,4787
2017-07-26,26.88,26.88,26.69,26.7,3691,4787
2017-07-27,26.65,26.6738,26.4836,26.4836,3570,4787
2017-07-28,26.5,26.5096,26.47,26.48,1227,4787
2017-07-31,26.52,26.52,26.3126,26.3348,2147,4787
2017-08-01,26.43,26.43,26.385,26.395,637,4787
2017-08-02,26.38,26.38,26.19,26.2499,2517,4787
2017-08-03,26.24,26.24,26.14,26.14,1144,4787
2017-08-04,26.28,26.28,26.28,26.28,411,4787
2017-08-07,26.37,26.37,26.35,26.3512,2539,4787
2017-08-08,26.34,26.5,26.28,26.3,1771,4787
2017-08-09,26.18,26.18,25.9753,26.01,2712,4787
2017-08-10,25.68,25.7222,25.68,25.68,850,4787
2017-08-11,25.71,25.71,25.71,25.71,148,4787
2017-08-14,25.94,26.0,25.94,26.0,1438,4787
2017-08-15,25.9399,25.9399,25.7983,25.7983,756,4787
2017-08-16,25.99,25.99,25.86,25.86,2392,4787
2017-08-17,25.81,25.81,25.53,25.53,1431,4787
2017-08-18,25.4226,25.4226,25.3992,25.3992,995,4787
2017-08-21,25.3,25.36,25.3,25.36,654,4787
2017-08-22,25.51,25.6699,25.51,25.6699,700,4787
2017-08-23,25.6216,25.6216,25.6036,25.6036,897,4787
2017-08-24,25.7089,25.7089,25.6526,25.6526,781,4787
2017-08-25,25.75,25.75,25.69,25.69,520,4787
2017-08-28,25.69,25.69,25.6626,25.6626,615,4787
2017-08-29,25.63,25.76,25.46,25.76,1014,4787
2017-08-30,25.79,25.92,25.79,25.92,783,4787
2017-08-31,26.1426,26.1426,26.1426,26.1426,188,4787
2017-09-01,26.279,26.35,26.279,26.35,1224,4787
2017-09-05,26.33,26.33,26.116,26.116,699,4787
2017-09-06,26.16,26.2299,26.0912,26.17,9437,4787
2017-09-07,26.09,26.09,26.05,26.05,604,4787
2017-09-08,26.15,26.15,26.0958,26.1286,1066,4787
2017-09-11,26.49,26.49,26.4166,26.4674,678,4787
2017-09-12,26.63,26.63,26.5755,26.61,619,4787
2017-09-13,26.5798,26.7,26.5798,26.6909,1092,4787
2017-09-14,26.66,26.73,26.66,26.67,474,4787
2017-09-15,26.7,26.74,26.7,26.74,414,4787
2017-09-18,26.93,26.93,26.93,26.93,124,4787
2017-09-19,26.95,26.95,26.771,26.895,3814,4787
2017-09-20,26.99,26.9999,26.8935,26.9348,984,4787
2017-09-21,26.99,26.99,26.92,26.94,730,4787
2017-09-22,26.98,26.98,26.9482,26.9482,794,4787
2017-09-25,27.06,27.06,27.02,27.02,722,4787
2017-09-26,27.1,27.15,27.0005,27.14,1786,4787
2017-09-27,27.39,27.39,27.21,27.385,1067,4787
2017-09-28,27.4,27.49,27.35,27.435,3500,4787
2017-09-29,27.58,27.5899,27.5425,27.56,1947,4787
2017-10-02,27.74,27.82,27.54,27.82,20794,4787
2017-10-03,27.82,27.82,27.69,27.7544,58541,4787
2017-10-04,27.88,27.88,27.7772,27.81,3779,4787
2017-10-05,27.92,27.969,27.79,27.885,12564,4787
2017-10-06,27.92,27.93,27.78,27.93,11456,4787
2017-10-09,27.89,27.89,27.705,27.81,12407,4787
2017-10-10,27.92,27.92,27.6901,27.88,11797,4787
2017-10-11,27.86,27.86,27.76,27.79,51846,4787
2017-10-12,27.75,27.88,27.75,27.795,6063,4787
2017-10-13,27.87,27.89,27.76,27.76,12906,4787
2017-10-16,27.91,27.91,27.74,27.76,10449,4787
2017-10-17,27.82,27.82,27.64,27.655,14145,4787
2017-10-18,27.78,27.82,27.78,27.79,10954,4787
2017-10-19,27.57,27.75,27.57,27.7,12345,4787
2017-10-20,27.8428,27.95,27.8428,27.915,14007,4787
2017-10-23,28.02,28.02,27.78,27.78,52543,4787
2017-10-24,27.8,27.81,27.75,27.75,12193,4787
2017-10-25,27.81,27.81,27.46,27.6099,11095,4787
2017-10-26,27.7164,27.74,27.6597,27.7,86831,4787
2017-10-27,27.71,27.87,27.698,27.87,13119,4787
2017-10-30,27.91,27.91,27.59,27.62,15943,4787
2017-10-31,27.67,27.92,27.62,27.8947,15192,4787
2017-11-01,27.85,27.85,27.5862,27.725,11771,4787
2017-11-02,27.7399,27.7968,27.7399,27.75,11964,4787
2017-11-03,27.75,27.76,27.73,27.73,10896,4787
2017-11-06,27.75,27.835,27.75,27.835,552,4787
2017-11-07,27.6199,27.62,27.52,27.52,12480,4787
2017-11-08,27.5,27.63,27.46,27.6099,11580,4787
2017-11-09,27.28,27.4499,27.28,27.4499,10209,4787
2017-11-10,27.4799,27.49,27.47,27.47,10784,4787
