Date,Open,High,Low,Close,Volume,stock_id
2014-09-11,0.3,0.5,0.29,0.43,84722,4601
2014-09-12,0.39,0.39,0.32,0.35,55995,4601
2014-09-15,0.37,0.4,0.37,0.37,17010,4601
2014-09-16,0.44,0.46,0.4,0.42,10500,4601
2014-09-17,0.36,0.36,0.36,0.36,2140,4601
2014-09-18,0.35,0.4,0.35,0.36,28473,4601
2014-09-19,0.34,0.3401,0.32,0.32,9600,4601
2014-09-22,0.4,0.676,0.3999,0.475,69493,4601
2014-09-23,0.7,1.0,0.56,0.56,169000,4601
2014-09-24,0.57,0.8,0.55,0.6,46385,4601
2014-09-25,0.35,0.679,0.35,0.6196,110538,4601
2014-09-26,0.62,0.62,0.4502,0.58,10041,4601
2014-09-29,0.46,0.6,0.45,0.488,3983,4601
2014-09-30,0.68,0.68,0.45,0.68,45417,4601
2014-10-01,0.72,0.8383,0.5,0.75,27660,4601
2014-10-02,0.75,0.75,0.65,0.75,20400,4601
2014-10-03,0.76,2.0,0.76,1.44,404840,4601
2014-10-06,1.85,1.85,1.07,1.25,104983,4601
2014-10-07,1.07,1.3349,0.9999,1.04,47663,4601
2014-10-08,1.04,1.1376,0.96,1.0,15840,4601
2014-10-09,1.13,1.36,0.9501,1.2977,63060,4601
2014-10-10,1.27,1.45,1.25,1.31,55891,4601
2014-10-13,1.75,1.75,0.875,1.06,85721,4601
2014-10-14,1.2,1.2,0.85,0.99,60581,4601
2014-10-15,0.9,1.03,0.78,1.03,42608,4601
2014-10-16,1.18,1.18,1.0,1.0,2000,4601
2014-10-17,1.11,1.24,1.0,1.0001,11305,4601
2014-10-20,0.95,1.1,0.85,1.05,3130,4601
2014-10-21,0.85,1.0,0.85,0.881,13020,4601
2014-10-22,0.9,0.99,0.9,0.92,10811,4601
2014-10-23,1.0,1.15,0.8,0.9,19175,4601
2014-10-24,0.86,0.99,0.66,0.7,49458,4601
2014-10-27,0.96,0.96,0.66,0.74,11410,4601
2014-10-28,0.84,0.85,0.72,0.7579,6862,4601
2014-10-29,0.7,0.774,0.65,0.7,5292,4601
2014-10-30,0.73,0.85,0.65,0.804,49536,4601
2014-10-31,0.81,0.81,0.74,0.79,2000,4601
2014-11-03,0.8,0.8,0.7,0.735,7000,4601
2014-11-04,0.735,0.78,0.735,0.735,15600,4601
2014-11-05,0.78,0.78,0.7799,0.7799,5000,4601
2014-11-06,0.69,0.8,0.69,0.8,22299,4601
2014-11-07,0.7917,0.7917,0.73,0.73,2060,4601
2014-11-10,0.7,0.7,0.7,0.7,205,4601
2014-11-11,0.78,0.8,0.73,0.75,15245,4601
2014-11-12,0.75,0.75,0.75,0.75,125,4601
2014-11-13,0.78,0.78,0.68,0.6821,2595,4601
2014-11-14,0.68,0.88,0.68,0.8799,6300,4601
2014-11-17,0.8,0.86,0.8,0.86,1200,4601
2014-11-18,0.84,0.85,0.7,0.85,11972,4601
2014-11-19,0.77,0.85,0.77,0.85,450,4601
2014-11-20,0.68,0.76,0.68,0.744,5860,4601
2014-11-21,0.68,0.81,0.68,0.81,1500,4601
2014-11-24,0.77,0.77,0.7699,0.77,2209,4601
2014-11-25,0.85,1.29,0.77,0.8001,31869,4601
2014-11-26,0.8,0.8,0.7,0.71,8700,4601
2014-11-28,0.77,0.77,0.718,0.718,2200,4601
2014-12-01,0.82,0.82,0.75,0.75,9200,4601
2014-12-02,1.2,1.2,0.75,0.92,10876,4601
2014-12-03,0.96,1.04,0.8372,0.8372,1900,4601
2014-12-04,0.85,0.86,0.76,0.86,1673,4601
2014-12-05,0.75,0.845,0.75,0.75,1200,4601
2014-12-08,0.84,0.84,0.8256,0.8256,700,4601
2014-12-09,0.7605,0.79,0.7605,0.7872,2000,4601
2014-12-10,0.8297,0.83,0.8297,0.8299,1200,4601
2014-12-11,0.83,0.83,0.75,0.8,2840,4601
2014-12-12,0.83,0.83,0.75,0.83,1450,4601
2014-12-16,0.84,0.84,0.839,0.839,615,4601
2014-12-17,0.839,0.8391,0.839,0.839,1120,4601
2014-12-18,0.84,0.84,0.84,0.84,200,4601
2014-12-19,0.84,0.84,0.84,0.84,5000,4601
2014-12-22,0.89,0.9,0.8499,0.85,3100,4601
2014-12-23,0.89,0.89,0.84,0.84,5400,4601
2014-12-24,0.82,0.85,0.75,0.85,6001,4601
2014-12-26,0.77,0.89,0.75,0.89,10109,4601
2014-12-29,0.75,0.75,0.75,0.75,450,4601
2014-12-30,0.7,0.74,0.7,0.7,3000,4601
2014-12-31,0.67,0.7175,0.67,0.7175,1605,4601
2015-01-02,0.71,0.74,0.71,0.74,200,4601
2015-01-05,0.88,0.88,0.6002,0.83,12685,4601
2015-01-06,0.83,0.83,0.6311,0.7799,7180,4601
2015-01-07,0.65,0.65,0.65,0.65,245,4601
2015-01-08,0.7518,0.7598,0.51,0.65,14370,4601
2015-01-09,0.74,0.83,0.7399,0.83,7150,4601
2015-01-12,0.88,0.88,0.7075,0.7075,3417,4601
2015-01-13,0.9,1.15,0.85,0.94,55810,4601
2015-01-14,0.941,0.941,0.78,0.898,5525,4601
2015-01-15,0.905,0.905,0.905,0.905,435,4601
2015-01-16,0.71,0.85,0.71,0.85,200,4601
2015-01-20,0.85,0.9001,0.7,0.88,6365,4601
2015-01-21,0.935,1.36,0.935,1.28,76069,4601
2015-01-22,1.4,1.5,1.28,1.28,45564,4601
2015-01-23,1.28,1.32,1.24,1.24,12380,4601
2015-01-26,1.0,1.25,0.62,1.1,3500,4601
2015-01-27,1.18,1.18,1.18,1.18,200,4601
2015-01-28,1.13,1.15,1.05,1.15,1400,4601
2015-01-29,1.15,1.15,0.99,1.15,9252,4601
2015-01-30,1.1328,1.1328,1.1,1.11,460,4601
2015-02-02,1.08,1.08,1.08,1.08,210,4601
2015-02-03,0.8,1.05,0.8,1.04,3605,4601
2015-02-04,0.91,1.03,0.9,1.03,10200,4601
2015-02-05,1.03,1.03,0.8502,1.01,1400,4601
2015-02-06,0.99,0.9901,0.99,0.99,306,4601
2015-02-10,0.98,0.99,0.98,0.99,1575,4601
2015-02-11,0.8809,1.05,0.8809,0.971,14940,4601
2015-02-12,0.98,1.02,0.98,1.0071,1000,4601
2015-02-13,0.96,0.96,0.96,0.96,200,4601
2015-02-17,0.9873,0.9873,0.9865,0.9865,1200,4601
2015-02-18,1.0,1.0,1.0,1.0,380,4601
2015-02-19,1.03,1.03,0.85,0.95,950,4601
2015-02-20,1.01,1.01,0.8642,1.0,3100,4601
2015-02-26,1.3,1.3,1.0,1.0,19702,4601
2015-02-27,1.06,1.06,1.0,1.0,2100,4601
2015-03-02,0.94,0.95,0.94,0.95,2000,4601
2015-03-03,0.95,1.0,0.95,0.95,11900,4601
2015-03-04,1.0,1.0,0.85,0.9,4700,4601
2015-03-05,0.8,0.9,0.75,0.8,2300,4601
2015-03-06,0.8,0.8,0.8,0.8,100,4601
2015-03-09,0.76,0.8,0.75,0.8,6400,4601
2015-03-10,0.84,0.85,0.84,0.85,1000,4601
2015-03-11,0.95,1.05,0.95,1.01,6500,4601
2015-03-12,1.1,1.11,1.08,1.11,2100,4601
2015-03-13,0.94,1.1,0.94,1.1,300,4601
2015-03-17,1.16,1.18,1.11,1.15,7200,4601
2015-03-18,1.05,1.2,1.05,1.19,10800,4601
2015-03-19,0.98,1.2,0.98,1.14,27900,4601
2015-03-20,1.19,1.52,1.19,1.39,36100,4601
2015-03-23,1.39,1.5,1.1,1.24,41400,4601
2015-03-24,1.3,1.3,1.25,1.25,700,4601
2015-03-25,1.13,1.24,1.13,1.24,600,4601
2015-03-26,1.24,1.48,1.05,1.48,11900,4601
2015-03-27,1.5,1.5,1.35,1.47,3700,4601
2015-03-30,1.35,1.41,1.2,1.41,6300,4601
2015-03-31,1.16,1.2,1.06,1.19,10100,4601
2015-04-01,1.14,1.23,1.14,1.23,2700,4601
2015-04-02,1.23,1.23,1.16,1.2,2600,4601
2015-04-06,1.17,1.17,1.0,1.15,8200,4601
2015-04-07,1.05,1.06,1.0,1.03,9935,4601
2015-04-08,1.03,1.09,1.03,1.09,300,4601
2015-04-09,1.16,1.22,1.14,1.15,4410,4601
2015-04-10,1.1,1.1,1.1,1.1,300,4601
2015-04-13,1.1,1.1,1.05,1.05,1900,4601
2015-04-14,1.18,1.18,1.05,1.18,4100,4601
2015-04-20,1.07,1.12,1.07,1.12,501,4601
2015-04-21,1.15,1.15,1.15,1.15,449,4601
2015-04-22,1.05,1.073,1.05,1.05,7867,4601
2015-04-23,1.39,1.39,1.01,1.01,12900,4601
2015-04-24,1.11,1.13,1.0,1.05,8400,4601
2015-04-27,1.0,1.01,1.0,1.01,500,4601
2015-04-28,1.05,1.1,0.95,1.0,5200,4601
2015-04-29,1.0,1.0,1.0,1.0,800,4601
2015-05-01,1.0,1.0,0.89,1.0,3100,4601
2015-05-04,1.0,1.0,1.0,1.0,900,4601
2015-05-05,0.92,0.96,0.85,0.95,6400,4601
2015-05-06,0.96,1.1,0.86,1.0,1740,4601
2015-05-07,0.94,0.95,0.78,0.85,11600,4601
2015-05-08,0.94,0.96,0.86,0.96,11400,4601
2015-05-11,0.88,0.88,0.88,0.88,200,4601
2015-05-12,1.05,1.05,0.9,0.9,9500,4601
2015-05-14,0.8,0.94,0.8,0.94,5200,4601
2015-05-18,0.95,0.95,0.87,0.92,3272,4601
2015-05-19,0.63,0.85,0.55,0.79,13700,4601
2015-05-20,0.85,0.85,0.85,0.85,4200,4601
2015-05-21,0.84,0.88,0.82,0.82,4000,4601
2015-05-26,0.85,0.85,0.83,0.83,5225,4601
2015-05-27,0.88,0.88,0.88,0.88,100,4601
2015-05-28,0.9,1.0,0.7126,0.91,15668,4601
2015-05-29,0.93,0.95,0.93,0.95,2900,4601
2015-06-01,0.98,1.06,0.97,0.98,11400,4601
2015-06-02,1.0,1.0,0.98,0.98,9744,4601
2015-06-03,0.95,0.95,0.95,0.95,2000,4601
2015-06-04,0.9,0.91,0.71,0.91,5200,4601
2015-06-09,0.76,0.8,0.7,0.7,4300,4601
2015-06-10,0.77,0.82,0.77,0.77,700,4601
2015-06-12,0.77,0.77,0.75,0.75,500,4601
2015-06-15,0.8,0.9,0.75,0.75,4500,4601
2015-06-16,0.75,0.76,0.75,0.75,3500,4601
2015-06-17,0.76,0.76,0.75,0.75,600,4601
2015-06-18,0.7,0.78,0.7,0.76,3300,4601
2015-06-19,0.72,0.8,0.72,0.75,3700,4601
2015-06-22,0.96,0.96,0.74,0.82,2200,4601
2015-06-23,0.7797,0.78,0.7384,0.78,1150,4601
2015-06-24,0.75,0.75,0.7,0.75,6300,4601
2015-06-25,0.74,0.74,0.74,0.74,100,4601
2015-06-29,0.7,0.75,0.65,0.75,10800,4601
2015-07-01,0.65,0.75,0.65,0.7,3800,4601
2015-07-06,0.61,0.61,0.6,0.61,1500,4601
2015-07-07,0.61,0.63,0.6,0.63,1500,4601
2015-07-08,0.63,0.63,0.58,0.62,600,4601
2015-07-10,0.75,0.75,0.75,0.75,500,4601
2015-07-14,0.6,0.74,0.6,0.74,1388,4601
2015-07-15,0.7499,0.7499,0.7499,0.7499,125,4601
2015-07-17,0.63,0.75,0.6,0.75,1000,4601
2015-07-20,0.62,0.62,0.45,0.5,6700,4601
2015-07-21,0.41,0.7,0.41,0.68,6200,4601
2015-07-22,0.64,0.64,0.64,0.64,400,4601
2015-07-24,0.62,0.65,0.45,0.62,4500,4601
2015-07-27,0.6,0.6,0.6,0.6,300,4601
2015-07-28,0.63,0.63,0.63,0.63,100,4601
2015-07-29,0.54,0.6,0.45,0.58,1800,4601
2015-07-30,0.48,0.5,0.23,0.49,15600,4601
2015-07-31,0.44,0.47,0.32,0.47,5600,4601
2015-08-03,0.55,0.61,0.55,0.61,240,4601
2015-08-05,0.69,0.69,0.69,0.69,100,4601
2015-08-10,0.42,0.55,0.41,0.55,1400,4601
2015-08-11,0.63,0.63,0.5948,0.63,600,4601
2015-08-12,0.55,0.55,0.55,0.55,100,4601
2015-08-14,0.6,0.6,0.6,0.6,300,4601
2015-08-18,0.6,0.6,0.6,0.6,2000,4601
2015-08-20,0.45,0.5,0.24,0.5,9200,4601
2015-08-24,0.3,0.45,0.3,0.45,500,4601
2015-08-25,0.35,0.35,0.35,0.35,100,4601
2015-08-26,0.55,0.62,0.53,0.53,700,4601
2015-08-27,0.6,0.62,0.54,0.54,7500,4601
2015-09-01,0.75,0.75,0.75,0.75,500,4601
2015-09-04,0.73,0.73,0.59,0.65,3200,4601
2015-09-09,0.52,0.52,0.5,0.5,500,4601
2015-09-11,0.6,0.6,0.6,0.6,100,4601
2015-09-14,0.51,0.51,0.51,0.51,200,4601
2015-09-15,0.4,0.4,0.4,0.4,300,4601
2015-09-24,0.39,0.5,0.39,0.5,1350,4601
2015-09-28,0.545,0.545,0.545,0.545,100,4601
2015-09-30,0.74,0.74,0.74,0.74,200,4601
2015-10-13,0.47,0.47,0.38,0.4,3000,4601
2015-10-14,0.4,0.4,0.35,0.4,13900,4601
2015-10-16,0.48,0.48,0.48,0.48,100,4601
2015-10-20,0.45,0.45,0.45,0.45,100,4601
2015-10-22,0.35,0.35,0.27,0.3,6900,4601
2015-10-26,0.23,0.23,0.23,0.23,1200,4601
2015-10-27,0.28,0.28,0.28,0.28,1000,4601
2015-10-28,0.31,0.31,0.31,0.31,400,4601
2015-11-02,0.31,0.31,0.28,0.28,1000,4601
2015-11-03,0.12,0.16,0.12,0.15,71000,4601
2015-11-04,0.1575,0.1575,0.15,0.1524,20125,4601
2015-11-05,0.11,0.25,0.11,0.25,20600,4601
2015-11-06,0.2,0.25,0.19,0.19,11600,4601
2015-11-10,0.25,0.25,0.21,0.21,6400,4601
2015-11-12,0.24,0.24,0.24,0.24,500,4601
2015-11-13,0.21,0.25,0.21,0.25,2700,4601
2015-11-19,0.25,0.25,0.22,0.22,11100,4601
2015-11-20,0.22,0.22,0.22,0.22,1400,4601
2015-11-25,0.27,0.27,0.22,0.22,300,4601
2015-11-27,0.22,0.22,0.13,0.13,24700,4601
2015-11-30,0.21,0.21,0.19,0.19,800,4601
2015-12-01,0.15,0.1975,0.15,0.1975,800,4601
2015-12-02,0.15,0.1899,0.13,0.16,4075,4601
2015-12-04,0.16,0.16,0.16,0.16,400,4601
2015-12-08,0.13,0.13,0.12,0.13,1440,4601
2015-12-09,0.13,0.13,0.13,0.13,100,4601
2015-12-10,0.09,0.18,0.05,0.1,10100,4601
2015-12-11,0.08,0.08,0.08,0.08,15700,4601
2015-12-14,0.06,0.0909,0.06,0.09,5785,4601
2015-12-15,0.09,0.09,0.09,0.09,1600,4601
2015-12-16,0.06,0.06,0.05,0.05,13100,4601
2015-12-17,0.05,0.07,0.05,0.07,52300,4601
2015-12-18,0.07,0.07,0.07,0.07,100,4601
2015-12-21,0.1,0.1,0.08,0.08,700,4601
2015-12-23,0.08,0.08,0.08,0.08,9600,4601
2015-12-24,0.06,0.06,0.06,0.06,125,4601
2015-12-28,0.063,0.0667,0.0501,0.0667,3906,4601
2015-12-29,0.075,0.08,0.0748,0.08,6666,4601
2015-12-31,0.08,0.08,0.0598,0.06,10380,4601
2016-01-06,0.149,0.149,0.149,0.149,700,4601
2016-01-07,0.1,0.1,0.1,0.1,2901,4601
2016-01-08,0.11,0.11,0.11,0.11,100,4601
2016-01-13,0.1,0.1,0.1,0.1,10015,4601
2016-01-14,0.12,0.2332,0.12,0.2332,12111,4601
2016-01-15,0.2458,0.4732,0.2448,0.47,13121,4601
2016-01-19,0.48,0.48,0.12,0.34,22000,4601
2016-01-20,0.32,0.32,0.32,0.32,205,4601
2016-01-21,0.2001,0.2741,0.2001,0.2741,2098,4601
2016-01-22,0.28,0.28,0.27,0.28,3073,4601
2016-01-25,0.32,0.4118,0.32,0.4,22608,4601
2016-01-26,0.42,0.42,0.4,0.4,3746,4601
2016-01-27,0.4201,0.4446,0.35,0.39,11250,4601
2016-01-28,0.4,0.4,0.4,0.4,420,4601
2016-01-29,0.3201,0.4,0.2197,0.337,3367,4601
2016-02-01,0.38,0.38,0.38,0.38,500,4601
2016-02-02,0.3001,0.3001,0.3001,0.3001,105,4601
2016-02-03,0.34,0.34,0.34,0.34,533,4601
2016-02-04,0.34,0.34,0.34,0.34,100,4601
2016-02-08,0.34,0.34,0.2381,0.2381,750,4601
2016-02-09,0.21,0.21,0.2,0.21,5750,4601
2016-02-10,0.21,0.21,0.1601,0.21,2440,4601
2016-02-12,0.21,0.21,0.1914,0.21,9990,4601
2016-02-16,0.21,0.21,0.2099,0.2099,6900,4601
2016-02-17,0.155,0.21,0.155,0.21,15353,4601
2016-02-18,0.21,0.21,0.1501,0.1501,2125,4601
2016-02-22,0.3,0.3,0.2768,0.2768,7000,4601
2016-02-25,0.3999,0.3999,0.2638,0.2638,1555,4601
2016-02-29,0.29,0.29,0.18,0.2032,4741,4601
2016-03-01,0.3433,0.3433,0.15,0.34,1746,4601
2016-03-02,0.38,0.38,0.23,0.3453,13047,4601
2016-03-03,0.3625,0.3625,0.2537,0.3399,5212,4601
2016-03-04,0.2379,0.3398,0.18,0.3398,6346,4601
2016-03-08,0.3285,0.3285,0.3285,0.3285,206,4601
2016-03-09,0.3,0.3687,0.295,0.3687,11589,4601
2016-03-10,0.16,0.24,0.16,0.24,3815,4601
2016-03-11,0.27,0.3,0.27,0.3,1453,4601
2016-03-14,0.3,0.3,0.3,0.3,312,4601
2016-03-15,0.2999,0.2999,0.295,0.2999,15460,4601
2016-03-16,0.3,0.3,0.3,0.3,5152,4601
2016-03-17,0.17,0.35,0.17,0.35,3895,4601
2016-03-18,0.35,0.35,0.2455,0.2995,3240,4601
2016-03-21,0.33,0.33,0.26,0.26,336,4601
2016-03-22,0.349,0.349,0.25,0.288,4915,4601
2016-03-23,0.35,0.3744,0.27,0.37,10178,4601
2016-03-28,0.36,0.36,0.35,0.35,2246,4601
2016-03-29,0.27,0.34,0.26,0.34,2100,4601
2016-03-31,0.3735,0.39,0.248,0.38,6912,4601
2016-04-01,0.29,0.4,0.28,0.3837,1774,4601
2016-04-04,0.4,0.4,0.32,0.32,1645,4601
2016-04-05,0.4,0.4,0.3827,0.3827,1954,4601
2016-04-08,0.3301,0.3757,0.3301,0.3757,7790,4601
2016-04-11,0.34,0.345,0.2528,0.345,6432,4601
2016-04-12,0.3,0.3,0.3,0.3,516,4601
2016-04-15,0.35,0.351,0.315,0.315,1495,4601
2016-04-19,0.31,0.31,0.31,0.31,700,4601
2016-04-20,0.31,0.31,0.31,0.31,600,4601
2016-04-21,0.31,0.31,0.25,0.25,381,4601
2016-04-25,0.3672,0.39,0.3671,0.3671,1246,4601
2016-05-03,0.378,0.378,0.3516,0.3516,200,4601
2016-05-04,0.34,0.34,0.34,0.34,100,4601
2016-05-10,0.32,0.32,0.32,0.32,111,4601
2016-05-11,0.26,0.26,0.26,0.26,3079,4601
2016-05-12,0.251,0.2635,0.251,0.2635,700,4601
2016-05-16,0.1301,0.2,0.1301,0.15,51602,4601
2016-05-19,0.22,0.22,0.22,0.22,1531,4601
2016-05-23,0.231,0.231,0.2,0.22,11834,4601
2016-05-27,0.16,0.1999,0.16,0.1999,542,4601
2016-05-31,0.1999,0.1999,0.186,0.1998,1150,4601
2016-06-01,0.16,0.16,0.15,0.16,1738,4601
2016-06-02,0.17,0.17,0.17,0.17,200,4601
2016-06-06,0.1899,0.1899,0.185,0.185,261,4601
2016-06-07,0.184,0.184,0.184,0.184,1550,4601
2016-06-08,0.1288,0.184,0.1288,0.184,1517,4601
2016-06-10,0.14,0.184,0.14,0.184,711,4601
2016-06-13,0.1768,0.1768,0.1768,0.1768,112,4601
2016-06-14,0.17,0.17,0.13,0.13,5602,4601
2016-06-16,0.1699,0.17,0.1699,0.17,4513,4601
2016-06-17,0.169,0.17,0.13,0.1699,14641,4601
2016-06-21,0.16,0.169,0.16,0.169,2200,4601
2016-06-22,0.168,0.168,0.16,0.1612,940,4601
2016-06-23,0.1597,0.1597,0.1597,0.1597,1000,4601
2016-06-24,0.1502,0.1502,0.1502,0.1502,150,4601
2016-06-27,0.1623,0.1623,0.1623,0.1623,1000,4601
2016-06-29,0.1623,0.1623,0.1623,0.1623,340,4601
2016-06-30,0.163,0.163,0.163,0.163,628,4601
2016-07-01,0.163,0.1631,0.15,0.15,2775,4601
2016-07-07,0.165,0.184,0.165,0.184,1326,4601
2016-07-08,0.17,0.2,0.17,0.1999,13710,4601
2016-07-11,0.1888,0.2,0.1688,0.2,2335,4601
2016-07-12,0.2,0.2,0.1899,0.2,7632,4601
2016-07-13,0.1945,0.1956,0.1945,0.1956,431,4601
2016-07-19,0.2053,0.25,0.2053,0.25,515,4601
2016-07-21,0.32,0.32,0.25,0.275,3856,4601
2016-07-22,0.2825,0.295,0.2825,0.2826,25132,4601
2016-07-25,0.2825,0.2825,0.2825,0.2825,1660,4601
2016-07-26,0.2699,0.32,0.25,0.25,27054,4601
2016-07-27,0.25,0.25,0.25,0.25,708,4601
2016-08-01,0.2436,0.2436,0.21,0.21,10912,4601
2016-08-03,0.17,0.3,0.17,0.28,842,4601
2016-08-04,0.2,0.21,0.2,0.21,546,4601
2016-08-05,0.22,0.22,0.21,0.21,6636,4601
2016-08-08,0.24,0.24,0.24,0.24,122,4601
2016-08-09,0.3,0.3,0.2836,0.29,2890,4601
2016-08-10,0.3,0.3,0.27,0.3,2699,4601
2016-08-11,0.29,0.3045,0.29,0.3045,313,4601
2016-08-12,0.29,0.31,0.29,0.3,3476,4601
2016-08-15,0.315,0.315,0.2205,0.261,2261,4601
2016-08-16,0.29,0.2918,0.29,0.2917,1837,4601
2016-08-18,0.3001,0.3001,0.261,0.261,210,4601
2016-08-19,0.261,0.261,0.261,0.261,100,4601
2016-08-22,0.275,0.275,0.275,0.275,100,4601
2016-08-23,0.275,0.275,0.24,0.275,850,4601
2016-08-24,0.28,0.31,0.275,0.275,1340,4601
2016-08-25,0.275,0.275,0.275,0.275,100,4601
2016-08-26,0.2791,0.2791,0.24,0.24,1906,4601
2016-08-29,0.252,0.252,0.2008,0.2008,1299,4601
2016-08-30,0.2363,0.2363,0.2363,0.2363,1000,4601
2016-08-31,0.1785,0.18,0.1785,0.18,200,4601
2016-09-02,0.217,0.217,0.19,0.19,1200,4601
2016-09-07,0.1962,0.1962,0.1962,0.1962,151,4601
2016-09-09,0.21,0.21,0.21,0.21,6000,4601
2016-09-12,0.2615,0.2615,0.21,0.2103,3820,4601
2016-09-13,0.15,0.24,0.15,0.24,1107,4601
2016-09-14,0.2,0.2664,0.2,0.265,6942,4601
2016-09-16,0.19,0.2005,0.17,0.18,5565,4601
2016-09-19,0.189,0.189,0.189,0.189,2000,4601
2016-09-20,0.19,0.19,0.19,0.19,308,4601
2016-09-21,0.16,0.1785,0.16,0.1785,500,4601
2016-09-22,0.19,0.19,0.16,0.16,701,4601
2016-09-23,0.17,0.17,0.17,0.17,11001,4601
2016-09-26,0.2,0.2,0.2,0.2,100,4601
2016-09-27,0.2,0.221,0.16,0.18,3506,4601
2016-09-28,0.18,0.18,0.18,0.18,300,4601
2016-09-30,0.1804,0.1804,0.1804,0.1804,175,4601
2016-10-04,0.1814,0.1814,0.16,0.16,3300,4601
2016-10-05,0.16,0.16,0.11,0.11,23020,4601
2016-10-06,0.12,0.12,0.12,0.12,100,4601
2016-10-07,0.1778,0.25,0.15,0.18,6154,4601
2016-10-10,0.27,0.27,0.16,0.22,22697,4601
2016-10-11,0.17,0.2,0.16,0.18,6702,4601
2016-10-12,0.2169,0.2169,0.17,0.17,2876,4601
2016-10-13,0.1785,0.1785,0.1785,0.1785,100,4601
2016-10-14,0.1874,0.1967,0.18,0.18,668,4601
2016-10-19,0.195,0.195,0.195,0.195,302,4601
2016-10-20,0.1859,0.1951,0.18,0.1951,550,4601
2016-10-21,0.15,0.24,0.15,0.24,6499,4601
2016-10-24,0.24,0.24,0.16,0.1751,1987,4601
2016-10-25,0.2399,0.26,0.2,0.2301,6182,4601
2016-10-26,0.2416,0.2481,0.2302,0.2302,9456,4601
2016-10-27,0.2417,0.2417,0.2417,0.2417,100,4601
2016-10-28,0.19,0.2,0.175,0.175,5346,4601
2016-10-31,0.27,0.27,0.2349,0.2349,2524,4601
2016-11-01,0.24,0.262,0.19,0.25,4377,4601
2016-11-02,0.24,0.27,0.1902,0.2,3322,4601
2016-11-03,0.21,0.21,0.21,0.21,252,4601
2016-11-04,0.19,0.2189,0.19,0.2189,3743,4601
2016-11-08,0.2322,0.2322,0.195,0.195,660,4601
2016-11-10,0.2071,0.23,0.2071,0.23,1910,4601
2016-11-11,0.37,0.37,0.197,0.2213,3937,4601
2016-11-14,0.3,0.3145,0.2,0.221,5657,4601
2016-11-15,0.232,0.2482,0.2,0.202,10018,4601
2016-11-16,0.222,0.29,0.222,0.225,4737,4601
2016-11-17,0.244,0.332,0.2271,0.332,4288,4601
2016-11-18,0.332,0.4,0.27,0.4,4376,4601
2016-11-21,0.32,0.32,0.32,0.32,524,4601
2016-11-22,0.3,0.3,0.3,0.3,738,4601
2016-11-23,0.4,0.4,0.35,0.35,2426,4601
2016-11-25,0.2801,0.3,0.21,0.3,17704,4601
2016-11-28,0.38,0.38,0.3454,0.3454,2107,4601
2016-11-29,0.29,0.29,0.29,0.29,1800,4601
2016-11-30,0.34,0.34,0.3358,0.34,3249,4601
2016-12-01,0.34,0.34,0.34,0.34,1664,4601
2016-12-02,0.3,0.323,0.29,0.29,5038,4601
2016-12-05,0.3045,0.3045,0.3,0.3,641,4601
2016-12-06,0.32,0.4,0.29,0.32,18353,4601
2016-12-07,0.37,0.37,0.365,0.3654,3200,4601
2016-12-08,0.37,0.37,0.3,0.3,4616,4601
2016-12-09,0.368,0.37,0.3,0.3191,3183,4601
2016-12-12,0.368,0.368,0.3194,0.35,2812,4601
2016-12-13,0.35,0.37,0.29,0.3432,21790,4601
2016-12-14,0.3,0.301,0.3,0.301,6033,4601
2016-12-15,0.349,0.35,0.2745,0.3464,4988,4601
2016-12-16,0.3309,0.3464,0.3309,0.3464,336,4601
2016-12-19,0.31,0.3491,0.3084,0.3491,6259,4601
2016-12-20,0.35,0.35,0.29,0.3089,13373,4601
2016-12-21,0.3081,0.3081,0.2801,0.2801,3254,4601
2016-12-22,0.2801,0.2801,0.2717,0.2717,8106,4601
2016-12-27,0.27,0.27,0.27,0.27,1635,4601
2016-12-28,0.35,0.35,0.1825,0.2948,6554,4601
2016-12-29,0.2934,0.323,0.26,0.26,8644,4601
2016-12-30,0.2925,0.2995,0.23,0.2673,6701,4601
2017-01-03,0.28161,0.28161,0.2688,0.27,1777,4601
2017-01-04,0.27,0.292,0.232,0.292,7313,4601
2017-01-05,0.289,0.289,0.2654,0.28,5251,4601
2017-01-06,0.2659,0.2659,0.2659,0.2659,254,4601
2017-01-09,0.2666,0.2799,0.2666,0.2799,927,4601
2017-01-10,0.27,0.2825,0.27,0.2825,500,4601
2017-01-11,0.2825,0.33,0.2825,0.33,452,4601
2017-01-12,0.2604,0.2815,0.22,0.28,5227,4601
2017-01-13,0.294,0.35,0.294,0.3,8404,4601
2017-01-17,0.315,0.38,0.3,0.3,21293,4601
2017-01-18,0.35,0.37,0.3,0.34,35989,4601
2017-01-19,0.3499,0.3499,0.2794,0.28,14709,4601
2017-01-20,0.2809,0.2809,0.2809,0.2809,655,4601
2017-01-23,0.2816,0.2816,0.25,0.255,8825,4601
2017-01-24,0.256,0.26,0.256,0.256,6746,4601
2017-01-25,0.2688,0.2688,0.2,0.25,12118,4601
2017-01-26,0.2489,0.2489,0.11,0.23,33838,4601
2017-01-27,0.21,0.21,0.21,0.21,100,4601
2017-01-30,0.2205,0.2315,0.2205,0.2243,3008,4601
2017-01-31,0.2149,0.2149,0.18,0.18,5382,4601
2017-02-01,0.189,0.2,0.18,0.189,11207,4601
2017-02-02,0.1911,0.25,0.1909,0.2444,14271,4601
2017-02-03,0.2442,0.2442,0.1801,0.1891,4816,4601
2017-02-06,0.2439,0.2439,0.19,0.2389,5240,4601
2017-02-07,0.2395,0.2395,0.2311,0.2379,1699,4601
2017-02-08,0.23,0.2442,0.22,0.22,12046,4601
2017-02-10,0.2045,0.2143,0.2036,0.2036,2946,4601
2017-02-13,0.229,0.229,0.19,0.2036,7701,4601
2017-02-14,0.205,0.205,0.2031,0.2031,1436,4601
2017-02-15,0.2132,0.2132,0.2035,0.208,1812,4601
2017-02-16,0.2101,0.2101,0.1995,0.2,12329,4601
2017-02-17,0.21,0.21,0.19,0.2,4431,4601
2017-02-21,0.21,0.21,0.1984,0.1999,9698,4601
2017-02-22,0.2098,0.2098,0.199,0.2,921,4601
2017-02-23,0.189,0.2,0.18,0.1999,41397,4601
2017-02-24,0.199,0.2,0.153,0.17,31294,4601
2017-02-27,0.175,0.175,0.1738,0.1741,14097,4601
2017-02-28,0.19,0.19,0.1833,0.1833,1950,4601
2017-03-01,0.175,0.1981,0.1531,0.1531,7865,4601
2017-03-02,0.1915,0.2,0.1607,0.1607,2175,4601
2017-03-03,0.1754,0.1754,0.1754,0.1754,100,4601
2017-03-06,0.1974,0.2,0.1841,0.2,19185,4601
2017-03-07,0.19,0.19,0.19,0.19,261,4601
2017-03-08,0.2,0.2101,0.1785,0.2,5658,4601
2017-03-09,0.2,0.2,0.166,0.1981,5508,4601
2017-03-10,0.189,0.2,0.1889,0.2,5696,4601
2017-03-13,0.19,0.1982,0.17,0.1762,5876,4601
2017-03-15,0.17,0.17,0.17,0.17,212,4601
2017-03-16,0.17,0.1785,0.17,0.1785,358,4601
2017-03-17,0.1815,0.1909,0.1815,0.1909,604,4601
2017-03-20,0.201,0.201,0.17,0.1785,4217,4601
2017-03-21,0.1887,0.1887,0.1701,0.1701,757,4601
2017-03-22,0.198309,0.198309,0.1786,0.1875,3265,4601
2017-03-23,0.1875,0.1875,0.1875,0.1875,172,4601
2017-03-24,0.17,0.201,0.17,0.201,17093,4601
2017-03-27,0.25,0.25,0.185,0.185,10644,4601
2017-03-28,0.167,0.212,0.167,0.1971,5806,4601
2017-03-29,0.2069,0.2069,0.1851,0.2,5155,4601
2017-03-30,0.23,0.23,0.2095,0.2095,3891,4601
2017-03-31,0.167,0.1975,0.1635,0.167,5540,4601
2017-04-03,0.2,0.2048,0.178,0.1998,7666,4601
2017-04-04,0.2097,0.23,0.1704,0.1789,17836,4601
2017-04-05,0.2,0.25,0.2,0.2,22289,4601
2017-04-06,0.21,0.21,0.19,0.2,3172,4601
2017-04-07,0.175,0.2,0.1745,0.19,47845,4601
2017-04-10,0.1864,0.1897,0.185,0.185,1276,4601
2017-04-11,0.1943,0.1943,0.185,0.185,1018,4601
2017-04-12,0.185,0.2,0.185,0.2,1944,4601
2017-04-13,0.185,0.1999,0.185,0.185,1052,4601
2017-04-17,0.1942,0.1942,0.18,0.18,3375,4601
2017-04-18,0.18,0.18,0.168,0.168,25004,4601
2017-04-20,0.1764,0.18,0.16,0.168,73432,4601
2017-04-21,0.1898,0.1898,0.1301,0.17,52375,4601
2017-04-24,0.179,0.179,0.179,0.179,2388,4601
2017-04-25,0.17,0.1785,0.16,0.161,5070,4601
2017-04-26,0.1789,0.1789,0.1551,0.178,2754,4601
2017-04-27,0.1561,0.1758,0.155,0.1638,3879,4601
2017-04-28,0.168,0.1785,0.16,0.1681,13203,4601
2017-05-01,0.177,0.177,0.1763,0.1763,2877,4601
2017-05-02,0.176,0.176,0.1275,0.1281,18096,4601
2017-05-03,0.1699,0.18,0.1501,0.16,19910,4601
2017-05-04,0.1705,0.1705,0.1624,0.1625,16810,4601
2017-05-05,0.161495,0.1637,0.1402,0.1461,2542,4601
2017-05-08,0.1472,0.17,0.13,0.1499,22171,4601
2017-05-09,0.1599,0.16,0.1598,0.16,1360,4601
2017-05-10,0.1451,0.1527,0.1451,0.1523,1331,4601
2017-05-11,0.16,0.16,0.15,0.15,7677,4601
2017-05-12,0.16,0.16,0.1401,0.1401,19178,4601
2017-05-15,0.16,0.1644,0.1471,0.16,3369,4601
2017-05-16,0.159,0.159,0.1511,0.1511,2075,4601
2017-05-17,0.17,0.179,0.1401,0.1597,1431,4601
2017-05-18,0.16,0.16,0.13,0.15,3351,4601
2017-05-19,0.15,0.15,0.1424,0.1425,10468,4601
2017-05-22,0.1354,0.15,0.1354,0.1421,11071,4601
2017-05-23,0.13,0.1576,0.13,0.15,38895,4601
2017-05-24,0.158,0.1601,0.125,0.1365,9354,4601
2017-05-25,0.16,0.17,0.1433,0.1433,5126,4601
2017-05-26,0.1588,0.159,0.1509,0.1573,1547,4601
2017-05-30,0.2,0.2,0.13,0.1568,7851,4601
2017-05-31,0.1649,0.19,0.1649,0.1733,49675,4601
2017-06-01,0.18,0.18,0.1559,0.156,19927,4601
2017-06-02,0.149,0.161636,0.149,0.161636,2810,4601
2017-06-05,0.161,0.18,0.15,0.1699,140107,4601
2017-06-06,0.18,0.19,0.13995,0.14,468230,4601
2017-06-07,0.14,0.1595,0.1302,0.1302,130487,4601
2017-06-08,0.15,0.15,0.11,0.1327,403441,4601
2017-06-09,0.121,0.134,0.121,0.1276,43237,4601
2017-06-12,0.128,0.128,0.1016,0.1213,51189,4601
2017-06-13,0.12,0.126,0.115,0.1207,76802,4601
2017-06-14,0.12,0.12,0.1001,0.11,57176,4601
2017-06-15,0.11,0.1129,0.105,0.1124,77360,4601
2017-06-16,0.1052,0.1152,0.1052,0.1068,31871,4601
2017-06-19,0.11,0.1141,0.1055,0.1122,39056,4601
2017-06-20,0.1119,0.1249,0.1056,0.1171,41853,4601
2017-06-21,0.1125,0.116,0.1062,0.113,70976,4601
2017-06-22,0.1055,0.1149,0.1055,0.1149,31152,4601
2017-06-23,0.1206,0.1399,0.1112,0.13,192962,4601
2017-06-26,0.1365,0.1399,0.1161,0.1305,45743,4601
2017-06-27,0.1105,0.15,0.1105,0.1349,82680,4601
2017-06-28,0.15,0.173625,0.1347,0.145,318570,4601
2017-06-29,0.1671,0.295,0.1671,0.27,1446468,4601
2017-06-30,0.3,0.3,0.2,0.21,385427,4601
2017-07-03,0.231,0.231,0.1825,0.2005,68525,4601
2017-07-05,0.2145,0.24,0.16,0.16,135268,4601
2017-07-06,0.1753,0.2,0.167,0.1773,67882,4601
2017-07-07,0.183,0.183,0.112,0.1589,103876,4601
2017-07-10,0.16,0.175,0.138,0.147,59534,4601
2017-07-11,0.1543,0.175,0.131,0.14,173403,4601
2017-07-12,0.147,0.1599,0.145,0.149867,43249,4601
2017-07-13,0.15,0.1564,0.14,0.1522,49492,4601
2017-07-14,0.156,0.156,0.14,0.141,77745,4601
2017-07-17,0.148,0.159,0.138,0.146,55428,4601
2017-07-18,0.1533,0.1544,0.13,0.139,153987,4601
2017-07-19,0.1325,0.1387,0.13,0.131,31120,4601
2017-07-20,0.1306,0.1415,0.1128,0.13,22983,4601
2017-07-21,0.1303,0.14,0.13,0.1383,13427,4601
2017-07-24,0.12,0.1384,0.12,0.13,20582,4601
2017-07-25,0.12,0.135,0.12,0.132,22631,4601
2017-07-26,0.135,0.138,0.1323,0.136,62286,4601
2017-07-27,0.1384,0.1384,0.12,0.1274,13359,4601
2017-07-28,0.1337,0.149,0.1337,0.145,37686,4601
2017-07-31,0.16,0.201,0.131,0.1542,198302,4601
2017-08-01,0.165,0.165,0.1313,0.1512,37425,4601
2017-08-02,0.1512,0.1613,0.13,0.1613,53253,4601
2017-08-03,0.1693,0.1693,0.12,0.1405,52476,4601
2017-08-04,0.1599,0.16,0.1353,0.1423,17545,4601
2017-08-07,0.1454,0.165,0.142,0.16,39781,4601
2017-08-08,0.165,0.165,0.1432,0.15,22975,4601
2017-08-09,0.16,0.16,0.1463,0.1536,20580,4601
2017-08-10,0.1612,0.1624,0.14,0.14,56945,4601
2017-08-11,0.147,0.1583,0.147,0.15,6328,4601
2017-08-14,0.158,0.17,0.1575,0.1593,19339,4601
2017-08-15,0.1672,0.169293,0.15,0.15,31062,4601
2017-08-16,0.1575,0.1596,0.1501,0.1555,4207,4601
2017-08-17,0.1632,0.17,0.1501,0.155,12663,4601
2017-08-18,0.155,0.169,0.155,0.1577,18353,4601
2017-08-21,0.18,0.18,0.1577,0.1578,13903,4601
2017-08-22,0.1656,0.1795,0.1578,0.159,18546,4601
2017-08-23,0.16,0.16,0.158,0.16,28421,4601
2017-08-24,0.18,0.18,0.1578,0.1606,38631,4601
2017-08-25,0.1601,0.17,0.1579,0.1682,39638,4601
2017-08-28,0.17,0.189,0.15,0.158,226903,4601
2017-08-29,0.1659,0.167,0.15,0.1563,36553,4601
2017-08-30,0.1644,0.1644,0.136,0.155,19689,4601
2017-08-31,0.15,0.19,0.15,0.155,121910,4601
2017-09-01,0.1627,0.1627,0.145,0.148,103206,4601
2017-09-05,0.148,0.1586,0.147,0.1485,26475,4601
2017-09-06,0.15,0.155,0.147,0.149,28558,4601
2017-09-07,0.15,0.155,0.149,0.1538,96157,4601
2017-09-08,0.13,0.16,0.13,0.152,30636,4601
2017-09-11,0.175,0.1839,0.15,0.155,133362,4601
2017-09-12,0.175,0.195,0.1749,0.192,87593,4601
2017-09-13,0.2016,0.3099,0.155,0.27,177929,4601
2017-09-14,0.35,0.378,0.2511,0.26,521772,4601
2017-09-15,0.2894,0.31,0.2618,0.3,186477,4601
2017-09-18,0.31,0.3187,0.2776,0.31,127713,4601
2017-09-19,0.3255,0.3255,0.275,0.309,41890,4601
2017-09-20,0.32,0.32,0.275,0.2851,114990,4601
2017-09-21,0.2993,0.315,0.2701,0.2838,62553,4601
2017-09-22,0.2838,0.29,0.21,0.25,152646,4601
2017-09-25,0.2625,0.27,0.25,0.26,21465,4601
2017-09-26,0.22,0.245,0.22,0.245,3789,4601
2017-09-27,0.25,0.265,0.233,0.2374,25310,4601
2017-09-28,0.2492,0.2492,0.22,0.2326,12907,4601
2017-09-29,0.2326,0.2459,0.19,0.2139,43978,4601
2017-10-02,0.2245,0.2426,0.2002,0.2102,5764,4601
2017-10-03,0.2103,0.24,0.2103,0.2387,8176,4601
2017-10-04,0.23,0.23,0.2,0.214,16635,4601
2017-10-05,0.2247,0.23,0.21,0.227,11254,4601
2017-10-06,0.1801,0.227,0.16,0.1946,54615,4601
2017-10-09,0.16,0.21,0.16,0.168,14213,4601
2017-10-10,0.155,0.2,0.155,0.1899,17768,4601
2017-10-11,0.17,0.21,0.16,0.1969,7624,4601
2017-10-12,0.17,0.18,0.17,0.18,5605,4601
2017-10-13,0.1849,0.19,0.1849,0.1895,18929,4601
2017-10-16,0.2,0.21,0.1849,0.1874,17142,4601
2017-10-17,0.1113,0.2,0.1113,0.18,14126,4601
2017-10-18,0.1773,0.2,0.1762,0.19,20619,4601
2017-10-19,0.19,0.19,0.18,0.1875,7752,4601
2017-10-20,0.18,0.19,0.18,0.1899,2470,4601
2017-10-23,0.175,0.175,0.175,0.175,101,4601
2017-10-24,0.1783,0.186,0.175,0.186,6088,4601
2017-10-25,0.162,0.195,0.16,0.1949,6456,4601
2017-10-26,0.21,0.21,0.18,0.18,1861,4601
2017-10-27,0.21,0.22,0.2091,0.21,10617,4601
2017-10-30,0.2,0.2069,0.17,0.17,11335,4601
2017-10-31,0.18,0.18,0.16,0.164,1288,4601
2017-11-01,0.16,0.161,0.16,0.161,1197,4601
2017-11-02,0.1752,0.1752,0.1636,0.1636,482,4601
2017-11-03,0.19,0.225,0.1891,0.225,16748,4601
2017-11-06,0.23,0.23,0.17,0.1792,1481,4601
2017-11-07,0.16,0.17,0.16,0.161,6198,4601
2017-11-08,0.1927,0.1927,0.16,0.1608,8800,4601
2017-11-09,0.1566,0.17,0.1399,0.15,27466,4601
2017-11-10,0.13,0.16,0.13,0.16,27808,4601
