Date,Open,High,Low,Close,Volume,stock_id
2016-10-17,6.8,7.4335,6.51,6.7345,11902,2632
2016-10-18,6.5,6.6,6.0,6.1,6961,2632
2016-10-19,6.51,8.95,6.51,7.05,154308,2632
2016-10-20,7.05,7.05,6.65,6.85,14558,2632
2016-10-21,6.749,6.749,6.4,6.495,9740,2632
2016-10-24,6.55,6.55,6.0501,6.42,23169,2632
2016-10-25,6.2,6.2004,6.15,6.2004,830,2632
2016-10-26,6.1092,6.1183,6.1092,6.1183,2460,2632
2016-10-27,6.05,6.18,6.05,6.18,1900,2632
2016-10-28,6.25,6.9999,6.1,6.8914,22922,2632
2016-10-31,6.595,6.595,6.275,6.32,5200,2632
2016-11-01,6.11,6.1892,5.8884,6.0,4100,2632
2016-11-02,6.4975,6.75,6.25,6.63,3150,2632
2016-11-03,6.75,6.9003,6.75,6.78,2113,2632
2016-11-04,6.8613,6.8613,6.75,6.79,840,2632
2016-11-07,6.79,6.99,6.7672,6.93,6864,2632
2016-11-08,6.8,6.8,6.7,6.7,4562,2632
2016-11-09,7.0,7.0,6.48,6.61,3772,2632
2016-11-10,6.5025,6.5025,6.5001,6.5001,1767,2632
2016-11-11,6.7081,6.8525,6.7081,6.8,2377,2632
2016-11-14,6.75,6.8434,6.51,6.7166,10745,2632
2016-11-15,6.57,6.57,5.4,6.0201,4924,2632
2016-11-17,6.0001,6.025,6.0001,6.025,1300,2632
2016-11-18,6.1598,6.25,6.1598,6.25,4678,2632
2016-11-21,6.0,6.25,6.0,6.09,2570,2632
2016-11-22,6.06,6.1,5.84,6.1,5127,2632
2016-11-23,5.7486,6.1,5.7486,6.1,4060,2632
2016-11-25,6.1,6.25,6.1,6.25,880,2632
2016-11-28,6.0602,6.31,6.0602,6.31,3831,2632
2016-11-29,6.3,6.3,6.29,6.3,3205,2632
2016-11-30,6.35,6.35,5.96,6.3,4690,2632
2016-12-01,6.0935,6.25,5.9406,6.25,2994,2632
2016-12-02,6.25,6.25,6.0301,6.13,4863,2632
2016-12-05,6.23,6.5,6.0491,6.5,12940,2632
2016-12-06,6.2506,6.69,6.1301,6.69,4391,2632
2016-12-07,6.69,6.75,6.69,6.75,6662,2632
2016-12-08,6.14,6.75,6.14,6.75,1469,2632
2016-12-09,6.75,6.75,5.89,6.67,4184,2632
2016-12-12,6.75,6.85,6.6701,6.75,20232,2632
2016-12-13,6.75,6.8,6.239,6.8,19152,2632
2016-12-14,6.7,6.7,6.4918,6.5,13160,2632
2016-12-15,6.35,6.64,6.35,6.64,11497,2632
2016-12-16,6.6299,6.63,5.75,5.75,36643,2632
2016-12-19,5.7,6.0,5.7,5.82,12502,2632
2016-12-20,5.5083,5.99,5.5083,5.99,4364,2632
2016-12-21,5.7,5.9,5.7,5.86,2090,2632
2016-12-22,5.8669,6.12,5.8669,6.005,1319,2632
2016-12-27,6.03,6.14,6.0,6.12,6779,2632
2016-12-28,5.8801,6.1,5.8801,6.1,1660,2632
2016-12-29,6.0,6.14,5.84,6.14,2563,2632
2016-12-30,5.915,6.14,5.915,6.14,1104,2632
2017-01-04,6.0,6.0,4.48,5.1601,54147,2632
2017-01-05,5.99,5.99,4.9129,4.92,12173,2632
2017-01-06,5.99,5.99,4.8847,5.0,17767,2632
2017-01-09,5.2525,5.2525,4.68,4.69,11461,2632
2017-01-10,4.6,4.6987,4.2499,4.2499,86311,2632
2017-01-11,4.3195,4.3195,3.95,4.0,21576,2632
2017-01-12,4.0001,4.0001,3.8038,3.96,12241,2632
2017-01-13,3.9,4.0,3.8,3.94,7610,2632
2017-01-17,3.92,4.0716,3.76,3.76,15272,2632
2017-01-18,3.64,3.7,3.32,3.45,24018,2632
2017-01-19,3.4,3.43,3.12,3.2,18337,2632
2017-01-20,3.21,3.4911,3.1,3.24,26830,2632
2017-01-23,3.2,3.8308,3.1345,3.6,116708,2632
2017-01-24,3.64,3.7,3.44,3.52,33572,2632
2017-01-25,3.58,3.58,3.3,3.3,20751,2632
2017-01-26,3.25,3.949,3.25,3.81,138871,2632
2017-01-27,3.85,3.85,3.37,3.69,55285,2632
2017-01-30,3.62,3.749,3.25,3.4,47019,2632
2017-01-31,3.35,3.35,2.46,2.864,87418,2632
2017-02-01,3.16,3.4899,3.15,3.21,87659,2632
2017-02-02,3.235,3.235,2.9,2.95,49211,2632
2017-02-03,2.98,3.2795,2.85,3.21,56107,2632
2017-02-06,3.11,3.21,3.0,3.15,19394,2632
2017-02-07,3.11,3.116,3.0,3.0501,15332,2632
2017-02-08,2.958,3.2,2.9101,3.1,12411,2632
2017-02-09,2.8467,3.15,2.8467,3.08,16066,2632
2017-02-10,3.22,3.22,2.98,3.15,21573,2632
2017-02-13,3.19,3.2,3.05,3.15,18581,2632
2017-02-14,3.05,3.19,3.05,3.1,14027,2632
2017-02-15,3.15,3.15,3.05,3.1,35550,2632
2017-02-16,3.0632,3.1,2.75,2.97,32233,2632
2017-02-17,2.92,2.94,2.75,2.8,38625,2632
2017-02-21,2.85,3.0,2.75,2.93,70503,2632
2017-02-22,2.81,2.96,2.76,2.86,22513,2632
2017-02-23,2.9,2.9,2.62,2.655,27176,2632
2017-02-24,2.75,2.75,2.58,2.6,17103,2632
2017-02-27,2.66,2.66,2.47,2.58,37464,2632
2017-02-28,2.52,2.6,2.4601,2.47,29824,2632
2017-03-01,2.52,2.52,2.35,2.499,40119,2632
2017-03-02,2.43,2.47,2.37,2.45,31560,2632
2017-03-03,2.3771,2.44,2.35,2.38,15282,2632
2017-03-06,2.43,2.43,2.25,2.3,20152,2632
2017-03-07,2.1088,2.26,2.1088,2.23,8707,2632
2017-03-08,2.1893,2.3,2.15,2.3,34323,2632
2017-03-09,2.28,2.28,2.19,2.21,12653,2632
2017-03-10,2.24,2.25,2.2,2.21,8576,2632
2017-03-13,2.16,2.229,2.04,2.16,27846,2632
2017-03-14,2.19,2.24,2.06,2.24,40735,2632
2017-03-15,2.24,2.25,2.15,2.2,13088,2632
2017-03-16,2.1999,2.1999,2.14,2.15,5050,2632
2017-03-17,2.1,2.1501,2.06,2.06,13264,2632
2017-03-20,2.06,2.17,2.06,2.1,16493,2632
2017-03-21,2.1349,2.1354,1.97,2.03,54084,2632
2017-03-22,1.91,2.03,1.91,2.02,16726,2632
2017-03-23,1.95,2.02,1.95,1.97,4880,2632
2017-03-24,1.93,2.01,1.85,2.0,21847,2632
2017-03-27,1.96,2.07,1.58,1.92,15193,2632
2017-03-28,1.98,2.195,1.8,2.05,18169,2632
2017-03-29,2.1,2.5864,2.05,2.45,145145,2632
2017-03-30,2.88,2.88,2.17,2.48,197897,2632
2017-03-31,2.55,2.55,2.25,2.29,33068,2632
2017-04-03,2.29,2.37,2.27,2.28,6194,2632
2017-04-04,2.25,2.2501,2.1501,2.17,21296,2632
2017-04-05,2.1201,2.17,1.92,2.13,24333,2632
2017-04-06,2.12,2.17,1.9,2.06,59842,2632
2017-04-07,2.0702,2.36,2.07,2.14,55224,2632
2017-04-10,2.18,2.33,2.06,2.07,47070,2632
2017-04-11,2.05,2.15,2.02,2.08,30831,2632
2017-04-12,2.08,2.15,1.94,1.94,36724,2632
2017-04-13,1.93,1.95,1.83,1.9,13296,2632
2017-04-17,1.97,1.97,1.85,1.88,7885,2632
2017-04-18,1.81,1.99,1.77,1.96,9058,2632
2017-04-19,1.96,1.99,1.89,1.97,20425,2632
2017-04-20,1.97,2.2,1.97,2.06,34834,2632
2017-04-21,2.0798,2.1,1.91,1.96,27580,2632
2017-04-24,1.9201,1.9381,1.8501,1.9,25566,2632
2017-04-25,1.95,1.95,1.83,1.87,12164,2632
2017-04-26,1.87,1.9471,1.87,1.9,19678,2632
2017-04-27,1.89,2.0,1.87,1.94,27420,2632
2017-04-28,1.905,1.9699,1.85,1.85,19754,2632
2017-05-01,1.85,1.8798,1.71,1.73,29879,2632
2017-05-02,1.75,1.7952,1.66,1.67,25029,2632
2017-05-03,1.67,1.71,1.5,1.58,17790,2632
2017-05-04,1.6,1.84,1.6,1.65,27773,2632
2017-05-05,1.65,1.8,1.62,1.72,23280,2632
2017-05-08,1.82,1.93,1.64,1.86,34494,2632
2017-05-09,1.89,1.89,1.77,1.82,16921,2632
2017-05-10,1.755,1.83,1.73,1.78,8598,2632
2017-05-11,1.7,1.81,1.64,1.7,48790,2632
2017-05-12,1.65,1.81,1.65,1.77,14452,2632
2017-05-15,1.79,1.83,1.67,1.76,40485,2632
2017-05-16,1.545,1.8284,1.54,1.63,37067,2632
2017-05-17,1.61,1.78,1.59,1.62,53818,2632
2017-05-18,1.6,1.64,1.535,1.57,18359,2632
2017-05-19,1.55,1.65,1.53,1.6,40303,2632
2017-05-22,1.56,1.62,1.56,1.59,9232,2632
2017-05-23,1.62,1.66,1.55,1.55,11304,2632
2017-05-24,1.51,1.53,1.4603,1.48,19507,2632
2017-05-25,1.5,1.51,1.45,1.45,15593,2632
2017-05-26,1.5,1.5,1.37,1.49,50882,2632
2017-05-30,1.45,1.72,1.37,1.39,53383,2632
2017-05-31,1.39,1.39,1.14,1.3,66107,2632
2017-06-01,1.22,1.344,1.19,1.28,29768,2632
2017-06-02,1.22,1.3481,1.21,1.23,21274,2632
2017-06-05,1.21,1.3201,1.21,1.27,24158,2632
2017-06-06,1.22,1.32,1.22,1.29,313466,2632
2017-06-07,1.27,1.53,1.25,1.4414,316085,2632
2017-06-08,1.46,1.75,1.41,1.7356,440134,2632
2017-06-09,1.76,1.8145,1.4,1.4311,257212,2632
2017-06-12,1.4,1.4499,1.3,1.4,92273,2632
2017-06-13,1.4,1.5,1.3,1.49,146054,2632
2017-06-14,1.44,1.444,1.31,1.37,59614,2632
2017-06-15,1.38,1.38,1.3,1.35,48515,2632
2017-06-16,1.37,1.375,1.34,1.35,26808,2632
2017-06-19,1.3521,1.45,1.3521,1.39,56751,2632
2017-06-20,1.43,1.43,1.3,1.38,60821,2632
2017-06-21,1.38,1.38,1.325,1.3678,22837,2632
2017-06-22,1.3446,1.38,1.3446,1.36,26780,2632
2017-06-23,1.3235,1.3969,1.32,1.3969,51561,2632
2017-06-26,1.4,1.45,1.37,1.38,6696,2632
2017-06-27,1.35,1.39,1.33,1.38,80956,2632
2017-06-28,1.37,1.37,1.2744,1.28,114095,2632
2017-06-29,1.29,1.3,1.1437,1.22,57379,2632
2017-06-30,1.28,1.28,1.15,1.24,14046,2632
2017-07-03,1.23,1.2301,1.22,1.2301,2462,2632
2017-07-05,1.22,1.42,1.15,1.3,149115,2632
2017-07-06,1.3315,1.34,1.15,1.19,66736,2632
2017-07-07,1.17,1.2099,1.17,1.19,9135,2632
2017-07-10,1.18,1.3,1.1701,1.25,54156,2632
2017-07-11,1.25,1.29,1.19,1.21,30185,2632
2017-07-12,1.24,1.25,1.2,1.2485,32620,2632
2017-07-13,1.22,1.22,1.18,1.2,63096,2632
2017-07-14,1.189,1.22,1.17,1.2,13561,2632
2017-07-17,1.22,1.26,1.18,1.25,108619,2632
2017-07-18,1.26,1.59,1.25,1.34,369379,2632
2017-07-19,1.34,1.5,1.2801,1.4,268313,2632
2017-07-20,1.4,1.59,1.31,1.54,178191,2632
2017-07-21,1.55,1.57,1.38,1.43,106641,2632
2017-07-24,1.38,1.4748,1.35,1.43,58688,2632
2017-07-25,1.4,1.47,1.3999,1.42,57055,2632
2017-07-26,1.3935,1.4001,1.36,1.39,32027,2632
2017-07-27,1.51,1.65,1.35,1.44,223937,2632
2017-07-28,1.45,1.49,1.36,1.47,36345,2632
2017-07-31,1.46,1.53,1.4,1.44,47172,2632
2017-08-01,1.3849,1.4215,1.38,1.38,4756,2632
2017-08-02,1.42,1.42,1.35,1.38,7195,2632
2017-08-03,1.38,1.38,1.35,1.36,16821,2632
2017-08-04,1.4,1.4879,1.35,1.43,14808,2632
2017-08-07,1.43,1.5,1.3921,1.43,65065,2632
2017-08-08,1.418,1.43,1.39,1.43,2593,2632
2017-08-09,1.43,1.43,1.41,1.41,598,2632
2017-08-10,1.4303,1.4303,1.3501,1.38,9434,2632
2017-08-11,1.3937,1.41,1.3937,1.41,4091,2632
2017-08-14,1.4027,1.53,1.4,1.48,51155,2632
2017-08-15,1.45,1.4515,1.12,1.42,148625,2632
2017-08-16,1.4001,1.46,1.4,1.44,19626,2632
2017-08-17,1.407,1.4175,1.324,1.4,29644,2632
2017-08-18,1.38,1.4,1.32,1.39,36102,2632
2017-08-21,1.3271,1.39,1.2273,1.23,64597,2632
2017-08-22,1.26,1.34,1.11,1.34,160796,2632
2017-08-23,1.34,1.35,1.34,1.34,24615,2632
2017-08-24,1.3201,1.4,1.32,1.36,25010,2632
2017-08-25,1.3899,1.3899,1.37,1.37,11825,2632
2017-08-28,1.39,1.44,1.361,1.4,27595,2632
2017-08-29,1.37,1.39,1.35,1.38,13654,2632
2017-08-30,1.37,1.37,1.17,1.34,24232,2632
2017-08-31,1.34,1.35,1.31,1.34,46126,2632
2017-09-01,1.33,1.35,1.33,1.35,20784,2632
2017-09-05,1.35,1.35,1.33,1.34,16651,2632
2017-09-06,1.35,1.42,1.3375,1.35,45492,2632
2017-09-07,1.34,1.408,1.3317,1.39,4625,2632
2017-09-08,1.36,1.36,1.2837,1.2837,19840,2632
2017-09-11,1.29,1.3753,1.29,1.35,1835,2632
2017-09-12,1.31,1.38,1.3085,1.38,17364,2632
2017-09-13,1.39,1.4,1.3,1.36,38019,2632
2017-09-14,1.35,1.395,1.3,1.33,35951,2632
2017-09-15,1.34,1.34,1.28,1.2997,18625,2632
2017-09-18,1.3,1.3,1.231,1.25,56824,2632
2017-09-19,1.2551,1.26,1.2,1.25,60707,2632
2017-09-20,1.22,1.27,1.21,1.21,45980,2632
2017-09-21,1.21,1.48,1.1458,1.43,201316,2632
2017-09-22,1.41,2.06,1.35,1.63,992002,2632
2017-09-25,1.67,2.45,1.67,2.45,2880441,2632
2017-09-26,2.34,2.64,2.07,2.28,1362016,2632
2017-09-27,2.22,2.31,2.08,2.1884,453172,2632
2017-09-28,2.22,2.26,1.87,1.9,352378,2632
2017-09-29,1.95,2.58,1.8187,2.501,1630806,2632
2017-10-02,3.05,3.45,2.79,2.89,6581469,2632
2017-10-03,2.87,2.87,2.45,2.82,698659,2632
2017-10-04,2.68,2.7,2.46,2.57,446922,2632
2017-10-05,2.55,2.5505,2.2601,2.49,336731,2632
2017-10-06,2.49,2.49,2.28,2.37,108875,2632
2017-10-09,2.24,3.44,2.12,3.28,2854973,2632
2017-10-10,3.21,3.64,2.75,2.94,2810027,2632
2017-10-11,3.06,3.21,2.79,3.05,985280,2632
2017-10-12,3.11,3.35,3.001,3.14,927686,2632
2017-10-13,3.19,3.45,2.95,3.06,1442012,2632
2017-10-16,3.1,3.14,2.81,2.87,495204,2632
2017-10-17,2.96,5.75,2.7,4.9,7090064,2632
2017-10-18,4.3,4.64,3.52,3.651,5990452,2632
2017-10-19,3.59,4.0,3.26,3.66,1967256,2632
2017-10-20,3.71,4.72,3.5101,4.48,4125509,2632
2017-10-23,4.2,4.69,3.77,3.8,2001040,2632
2017-10-24,3.86,4.39,3.6,4.19,2267268,2632
2017-10-25,4.3,4.75,3.77,4.19,1883121,2632
2017-10-26,4.07,4.67,3.9101,4.5,2181882,2632
2017-10-27,4.03,4.29,3.8,3.86,2437245,2632
2017-10-30,3.87,3.88,3.3101,3.38,1131440,2632
2017-10-31,3.42,3.85,3.06,3.57,977671,2632
2017-11-01,3.53,4.02,3.4,3.55,1460276,2632
2017-11-02,3.66,3.75,3.5,3.58,434234,2632
2017-11-03,3.55,3.69,3.5,3.57,195479,2632
2017-11-06,3.52,3.5521,3.25,3.32,355338,2632
2017-11-07,3.3,3.45,3.205,3.27,344369,2632
2017-11-08,3.23,3.36,3.03,3.22,271573,2632
2017-11-09,3.26,3.5293,3.1101,3.39,302393,2632
2017-11-10,3.28,3.4199,3.21,3.36,136866,2632
