Date,Open,High,Low,Close,Volume,stock_id
2017-03-24,10.21,10.45,10.2,10.36,10105190,5065
2017-03-27,10.45,10.51,10.35,10.5,1617135,5065
2017-03-28,10.5,10.525,10.4,10.45,942883,5065
2017-03-29,10.5,10.5,10.37,10.44,569476,5065
2017-03-30,10.45,10.47,10.4,10.46,152626,5065
2017-03-31,10.5,10.5,10.43,10.43,33269,5065
2017-04-03,10.45,10.45,10.36,10.44,123067,5065
2017-04-04,10.44,10.44,10.4,10.41,49429,5065
2017-04-05,10.45,10.45,10.41,10.44,170208,5065
2017-04-06,10.44,10.44,10.38,10.42,34712,5065
2017-04-07,10.42,10.42,10.38,10.42,287925,5065
2017-04-10,10.42,10.44,10.38,10.4,44100,5065
2017-04-11,10.37,10.41,10.37,10.4,31888,5065
2017-04-12,10.45,10.45,10.36,10.4,46266,5065
2017-04-13,10.4,10.4,10.3701,10.39,208502,5065
2017-04-17,10.3964,10.4,10.37,10.4,33776,5065
2017-04-18,10.38,10.42,10.38,10.4,57981,5065
2017-04-19,10.39,10.39,10.34,10.35,133323,5065
2017-04-20,10.38,10.4,10.32,10.37,78699,5065
2017-04-21,10.37,10.37,10.35,10.37,70935,5065
2017-04-24,10.37,10.37,10.27,10.3,1522965,5065
2017-04-25,10.28,10.32,10.25,10.32,107061,5065
2017-04-26,10.35,10.35,10.25,10.33,120745,5065
2017-04-27,10.34,10.34,10.25,10.26,1947832,5065
2017-04-28,10.25,10.42,10.25,10.33,152053,5065
2017-05-01,10.3155,10.35,10.25,10.34,981440,5065
2017-05-02,10.356,10.356,10.25,10.25,17199,5065
2017-05-03,10.3001,10.3999,10.27,10.27,44313,5065
2017-05-04,10.3155,10.33,10.26,10.32,26950,5065
2017-05-05,10.35,10.35,10.3,10.35,25566,5065
2017-05-08,10.38,10.38,10.34,10.38,21843,5065
2017-05-09,10.39,10.39,10.345,10.3562,9130,5065
2017-05-10,10.4,10.4,10.34,10.344,4879,5065
2017-05-11,10.4,10.4,10.32,10.39,80337,5065
2017-05-12,10.4,10.4,10.3,10.33,34569,5065
2017-05-15,10.35,10.39,10.3,10.32,106835,5065
2017-05-16,10.33,10.3599,10.31,10.33,16956,5065
2017-05-17,10.26,10.38,10.26,10.35,70216,5065
2017-05-18,10.3403,10.373,10.33,10.35,67138,5065
2017-05-19,10.3999,10.45,10.33,10.35,44368,5065
2017-05-22,10.35,10.355,10.33,10.34,50414,5065
2017-05-23,10.35,10.38,10.34,10.34,9076,5065
2017-05-24,10.29,10.39,10.29,10.39,17955,5065
2017-05-25,10.31,10.35,10.29,10.33,34270,5065
2017-05-26,10.33,10.35,10.31,10.35,35819,5065
2017-05-30,10.3,10.35,10.3,10.35,26930,5065
2017-05-31,10.33,10.5,10.33,10.5,223220,5065
2017-06-01,10.35,10.45,10.35,10.45,118174,5065
2017-06-02,10.41,10.45,10.4,10.43,141265,5065
2017-06-05,10.4001,10.45,10.4,10.41,140899,5065
2017-06-06,10.42,10.439,10.35,10.43,8805,5065
2017-06-07,10.43,10.45,10.37,10.44,108772,5065
2017-06-08,10.45,10.45,10.39,10.41,2142,5065
2017-06-09,10.44,10.4499,10.42,10.4267,34997,5065
2017-06-12,10.43,10.43,10.4,10.43,25900,5065
2017-06-13,10.43,10.43,10.4,10.42,45808,5065
2017-06-14,10.42,10.4456,10.41,10.4308,117281,5065
2017-06-15,10.43,10.43,10.4,10.42,24607,5065
2017-06-16,10.43,10.43,10.4177,10.4265,5420,5065
2017-06-19,10.4,10.44,10.4,10.4,61197,5065
2017-06-20,10.38,10.42,10.38,10.4,49400,5065
2017-06-21,10.42,10.66,10.4008,10.6,249584,5065
2017-06-22,10.6,10.8,10.6,10.75,304043,5065
2017-06-23,10.72,10.9,10.72,10.9,924637,5065
2017-06-26,10.8,10.8,10.75,10.8,26200,5065
2017-06-27,10.75,10.85,10.75,10.85,6549,5065
2017-06-28,10.8338,10.8338,10.7969,10.7969,300,5065
2017-06-29,10.75,10.768,10.74,10.74,3481,5065
2017-06-30,10.78,10.78,10.682,10.682,260,5065
2017-07-03,10.72,10.72,10.6,10.65,2085,5065
2017-07-05,10.8,10.8,10.61,10.64,17121,5065
2017-07-06,10.7175,10.73,10.56,10.72,5410,5065
2017-07-07,10.75,10.75,10.61,10.74,7194,5065
2017-07-10,10.7,10.7486,10.63,10.6999,26054,5065
2017-07-11,10.7,10.7,10.63,10.65,19203,5065
2017-07-12,10.66,10.75,10.66,10.71,5228,5065
2017-07-13,10.73,10.7516,10.66,10.7516,3063,5065
2017-07-14,10.67,10.73,10.67,10.71,5716,5065
2017-07-17,10.8,10.8,10.67,10.7712,10434,5065
2017-07-18,10.65,10.75,10.65,10.75,25125,5065
2017-07-19,10.71,10.7405,10.68,10.69,12555,5065
2017-07-20,10.751,10.751,10.67,10.74,37683,5065
2017-07-21,10.7059,10.75,10.67,10.7,18650,5065
2017-07-24,10.71,10.7399,10.6828,10.7,6900,5065
2017-07-25,10.68,10.705,10.6,10.65,175322,5065
2017-07-26,10.6499,10.7,10.63,10.7,5951,5065
2017-07-27,10.71,10.71,10.66,10.7095,4876,5065
2017-07-28,10.71,10.72,10.65,10.65,3513,5065
2017-07-31,10.77,10.77,10.65,10.65,9767,5065
2017-08-01,10.723,10.723,10.65,10.6592,557,5065
2017-08-02,10.7133,10.74,10.65,10.74,27740,5065
2017-08-03,10.75,10.81,10.7,10.78,69376,5065
2017-08-04,10.72,10.7932,10.7,10.79,11482,5065
2017-08-07,10.66,10.75,10.66,10.75,900,5065
2017-08-08,10.7,10.75,10.674,10.75,4482,5065
2017-08-09,10.68,10.7151,10.6,10.65,16352,5065
2017-08-10,10.68,10.71,10.68,10.6908,4512,5065
2017-08-11,10.667,10.67,10.63,10.65,55289,5065
2017-08-14,10.72,10.74,10.63,10.73,16187,5065
2017-08-15,10.71,10.8,10.66,10.72,31467,5065
2017-08-16,10.6669,10.75,10.6669,10.72,3847,5065
2017-08-17,11.0,11.0,10.57,10.75,4106227,5065
2017-08-18,10.76,10.79,10.62,10.739,422680,5065
2017-08-21,10.74,10.88,10.74,10.78,1606,5065
2017-08-22,10.85,10.85,10.71,10.74,96923,5065
2017-08-23,10.7465,10.8,10.66,10.75,111215,5065
2017-08-24,10.74,10.75,10.67,10.69,113963,5065
2017-08-25,10.67,10.8,10.67,10.74,4844,5065
2017-08-28,10.75,10.75,10.7,10.74,30216,5065
2017-08-29,10.7,10.7107,10.63,10.66,122752,5065
2017-08-30,10.6872,10.69,10.63,10.65,9955,5065
2017-08-31,10.667,10.75,10.61,10.61,203361,5065
2017-09-01,10.64,10.7,10.62,10.63,55006,5065
2017-09-05,10.64,10.7686,10.61,10.62,82325,5065
2017-09-06,10.63,10.66,10.6,10.6,99869,5065
2017-09-07,10.75,10.75,10.61,10.6958,58601,5065
2017-09-08,10.6111,10.7,10.6111,10.7,350,5065
2017-09-11,10.95,10.95,10.6961,10.75,156739,5065
2017-09-12,10.68,10.7,10.64,10.6492,137905,5065
2017-09-13,10.6676,10.69,10.64,10.69,235841,5065
2017-09-14,10.75,10.75,10.6707,10.7,155576,5065
2017-09-15,10.65,10.69,10.61,10.65,668285,5065
2017-09-18,10.65,10.67,10.65,10.67,317961,5065
2017-09-19,10.65,10.7,10.6,10.66,997368,5065
2017-09-20,10.65,10.65,10.52,10.63,2263052,5065
2017-09-21,10.62,10.65,10.6068,10.64,6750,5065
2017-09-22,10.6,10.65,10.6,10.63,304456,5065
2017-09-25,10.6338,10.65,10.6,10.64,207323,5065
2017-09-26,10.6187,10.65,10.6,10.65,176627,5065
2017-09-27,10.62,10.65,10.59,10.65,3017601,5065
2017-09-28,10.6525,10.6525,10.6,10.65,202096,5065
2017-09-29,10.64,10.75,10.64,10.72,5192,5065
2017-10-02,10.7,10.7,10.7,10.7,9844,5065
2017-10-03,10.64,10.82,10.64,10.75,251532,5065
2017-10-04,10.72,10.7847,10.72,10.78,12215,5065
2017-10-05,10.79,10.8,10.79,10.795,25467,5065
2017-10-06,10.72,10.84,10.72,10.8,145590,5065
2017-10-09,10.8,10.9,10.8,10.805,124795,5065
2017-10-10,10.855,10.99,10.8,10.8,60149,5065
2017-10-11,10.8,10.88,10.8,10.86,268783,5065
2017-10-12,10.85,10.909,10.83,10.87,204758,5065
2017-10-13,10.87,10.92,10.85,10.85,21036,5065
2017-10-16,10.87,10.87,10.75,10.81,134171,5065
2017-10-17,10.78,10.83,10.75,10.78,191304,5065
2017-10-18,10.74,10.79,10.61,10.66,245204,5065
2017-10-19,10.67,10.703,10.65,10.7,42594,5065
2017-10-20,10.6886,10.7,10.63,10.7,23779,5065
2017-10-23,10.69,10.7,10.52,10.52,12070,5065
2017-10-24,10.55,10.6,10.54,10.57,4942,5065
2017-10-25,10.55,10.6,10.55,10.5721,4606,5065
2017-10-26,10.54,10.5414,10.5,10.5,7026,5065
2017-10-27,10.49,10.68,10.46,10.66,17492,5065
2017-10-30,10.66,10.67,10.52,10.65,38930,5065
2017-10-31,10.53,10.66,10.45,10.6,44817,5065
2017-11-01,10.5,10.53,10.43,10.47,15279,5065
2017-11-02,10.505,10.58,10.45,10.58,105972,5065
2017-11-03,10.59,10.84,10.43,10.64,162365,5065
2017-11-06,10.64,10.64,10.4301,10.5903,1868925,5065
2017-11-07,10.64,10.64,10.5001,10.6,38476,5065
2017-11-08,10.551,10.61,10.5,10.58,111045,5065
2017-11-09,10.5758,10.5758,10.5758,10.5758,201,5065
2017-11-10,10.5,10.59,10.5,10.55,53637,5065
