Date,Open,High,Low,Close,Volume,stock_id
2015-03-04,24.959,25.0,24.95,24.95,1978,647
2015-03-05,24.99,25.02,24.97,24.98,2663,647
2015-03-06,24.995,25.0,24.878,24.949,15539,647
2015-03-09,24.97,25.3,24.95,25.03,4000,647
2015-03-10,24.9,24.954,24.85,24.95,1650,647
2015-03-11,24.94,24.95,24.81,24.81,4495,647
2015-03-12,24.87,24.87,24.87,24.87,550,647
2015-03-13,24.926,24.926,24.8,24.82,1972,647
2015-03-16,24.89,25.41,24.7,24.82,17652,647
2015-03-17,24.909,24.91,24.6,24.722,4870,647
2015-03-18,24.651,24.84,24.09,24.5,18519,647
2015-03-19,24.6,24.707,24.4,24.707,30025,647
2015-03-20,24.7,24.85,24.62,24.636,6951,647
2015-03-23,24.68,24.79,24.68,24.75,8476,647
2015-03-24,24.84,24.91,24.84,24.9,500,647
2015-03-26,24.77,24.853,24.67,24.765,4145,647
2015-03-27,24.8,24.82,24.79,24.8,22865,647
2015-03-30,24.9,24.9,24.738,24.738,802,647
2015-03-31,24.83,24.89,24.66,24.89,2708,647
2015-04-02,24.8,24.8,24.8,24.8,315,647
2015-04-06,24.62,24.73,24.6,24.7,12060,647
2015-04-07,24.61,24.7,24.58,24.58,29940,647
2015-04-08,24.6,24.77,24.59,24.77,12375,647
2015-04-09,24.694,24.85,24.691,24.808,1724,647
2015-04-10,24.75,24.86,24.75,24.86,915,647
2015-04-13,24.9,24.99,24.85,24.85,30701,647
2015-04-14,24.72,24.8,24.7,24.8,6884,647
2015-04-15,24.75,24.8,24.68,24.7,15589,647
2015-04-16,24.73,24.73,24.66,24.68,4550,647
2015-04-17,24.65,24.89,24.64,24.64,8412,647
2015-04-20,24.79,24.8,24.65,24.664,3669,647
2015-04-21,24.655,24.734,24.57,24.6,28223,647
2015-04-22,24.71,24.71,24.53,24.56,2642,647
2015-04-23,24.6,24.7,24.585,24.6,6834,647
2015-04-24,24.6,24.65,24.22,24.26,34897,647
2015-04-27,24.39,24.76,24.35,24.745,16867,647
2015-04-28,24.75,24.93,24.75,24.85,17380,647
2015-04-29,24.81,24.87,24.68,24.68,11543,647
2015-04-30,24.77,24.9,24.75,24.9,2398,647
2015-05-01,24.67,24.979,24.6,24.7,8820,647
2015-05-04,24.729,24.73,24.66,24.66,3000,647
2015-05-05,24.807,24.88,24.601,24.8,9739,647
2015-05-06,24.7,24.75,24.65,24.65,4100,647
2015-05-07,24.45,24.74,24.45,24.704,17925,647
2015-05-08,24.9,24.9,24.7,24.75,2400,647
2015-05-11,24.65,24.65,24.63,24.64,925,647
2015-05-12,24.6,24.6,24.58,24.58,4116,647
2015-05-13,24.6,24.6,24.55,24.6,3300,647
2015-05-14,24.55,24.62,24.5,24.55,14548,647
2015-05-15,24.56,24.56,24.48,24.543,2525,647
2015-05-18,24.689,24.689,24.5,24.65,4330,647
2015-05-19,24.54,24.54,24.48,24.52,14626,647
2015-05-20,24.45,24.61,24.44,24.45,8189,647
2015-05-21,24.484,24.66,24.473,24.584,21259,647
2015-05-22,24.594,24.75,24.594,24.75,8349,647
2015-05-26,24.75,24.96,24.75,24.96,2200,647
2015-05-27,24.93,25.06,24.92,25.03,900,647
2015-05-28,24.6,24.7,24.6,24.65,4095,647
2015-05-29,24.67,24.75,24.65,24.67,6440,647
2015-06-01,24.659,24.74,24.646,24.74,3309,647
2015-06-02,24.65,24.729,24.642,24.729,500,647
2015-06-03,24.571,24.65,24.571,24.65,625,647
2015-06-04,24.577,24.65,24.54,24.55,1500,647
2015-06-05,24.54,24.6,24.54,24.6,1400,647
2015-06-08,24.65,24.65,24.65,24.65,500,647
2015-06-09,24.6,24.65,24.58,24.61,3400,647
2015-06-10,24.65,24.65,24.65,24.65,646,647
2015-06-11,24.57,24.64,24.56,24.64,2061,647
2015-06-12,24.639,24.65,24.54,24.54,11416,647
2015-06-15,24.79,24.828,24.54,24.74,4338,647
2015-06-16,24.85,24.87,24.65,24.65,5100,647
2015-06-17,24.78,24.78,24.6,24.6,640,647
2015-06-18,24.71,24.71,24.65,24.65,1450,647
2015-06-19,24.5,24.713,24.5,24.7,11375,647
2015-06-22,24.697,24.704,24.69,24.69,1053,647
2015-06-23,24.68,24.724,24.67,24.72,5825,647
2015-06-24,24.739,24.739,24.739,24.739,200,647
2015-06-25,24.72,24.72,24.72,24.72,300,647
2015-06-26,24.67,24.7,24.67,24.7,2000,647
2015-06-29,24.705,24.705,24.65,24.65,3800,647
2015-06-30,24.63,24.653,24.605,24.605,1500,647
2015-07-01,24.642,24.642,24.642,24.642,232,647
2015-07-02,24.54,24.69,24.54,24.69,1622,647
2015-07-06,24.79,24.79,24.58,24.7,6924,647
2015-07-07,24.695,24.79,24.6,24.7,3336,647
2015-07-08,24.75,24.75,24.7,24.7,700,647
2015-07-09,24.54,24.7,24.54,24.7,1000,647
2015-07-10,24.54,24.69,24.54,24.6,8645,647
2015-07-13,24.66,24.66,24.64,24.64,400,647
2015-07-14,24.617,24.617,24.55,24.55,8673,647
2015-07-15,24.55,24.6,24.51,24.55,22618,647
2015-07-16,24.75,24.75,24.47,24.61,21891,647
2015-07-17,24.5,24.5,24.45,24.45,4864,647
2015-07-20,24.5,24.5,24.4,24.41,19953,647
2015-07-21,24.5,24.5,24.46,24.476,4750,647
2015-07-22,24.5,24.5,24.443,24.45,7734,647
2015-07-23,24.45,24.45,24.385,24.43,6562,647
2015-07-24,24.35,24.39,24.35,24.39,200,647
2015-07-27,24.4,24.466,24.365,24.4,4138,647
2015-07-28,24.35,24.45,24.3,24.33,14000,647
2015-07-29,24.41,24.414,24.33,24.39,700,647
2015-07-30,24.48,24.65,24.44,24.65,9337,647
2015-07-31,24.53,24.53,24.52,24.52,1300,647
2015-08-03,24.54,24.66,24.54,24.6,2300,647
2015-08-04,24.629,24.64,24.616,24.64,1055,647
2015-08-05,24.642,24.65,24.64,24.64,12701,647
2015-08-06,24.74,24.84,24.54,24.84,7030,647
2015-08-07,24.63,24.65,24.63,24.65,748,647
2015-08-10,24.64,24.64,24.59,24.6,1852,647
2015-08-11,24.6,24.7,24.54,24.54,3350,647
2015-08-12,24.64,24.64,24.42,24.45,6701,647
2015-08-13,24.37,24.5,24.37,24.42,1700,647
2015-08-14,24.63,24.63,24.63,24.63,200,647
2015-08-17,24.42,24.55,24.42,24.42,1600,647
2015-08-18,24.55,24.55,24.37,24.44,3760,647
2015-08-19,24.49,24.547,24.48,24.48,2217,647
2015-08-20,24.45,24.5,24.41,24.41,23547,647
2015-08-21,24.42,24.55,24.29,24.55,10340,647
2015-08-24,24.403,24.439,24.371,24.371,1250,647
2015-08-25,24.349,24.51,24.349,24.456,3600,647
2015-08-26,24.4,24.459,24.2,24.274,4842,647
2015-08-27,24.398,24.44,23.76,24.44,900,647
2015-08-28,24.13,24.15,24.011,24.15,1020,647
2015-08-31,23.701,23.97,23.41,23.97,1700,647
2015-09-01,24.0,24.0,23.75,23.75,2035,647
2015-09-02,23.9,23.9,23.82,23.83,2139,647
2015-09-03,23.43,23.75,23.43,23.75,5400,647
2015-09-04,23.65,23.65,23.56,23.56,2187,647
2015-09-08,23.31,23.65,23.27,23.51,26283,647
2015-09-09,23.5,23.83,23.415,23.5,8987,647
2015-09-10,23.17,23.26,22.9,23.26,4278,647
2015-09-11,23.47,23.6,23.4,23.5,12653,647
2015-09-14,23.6,23.64,23.55,23.56,5100,647
2015-09-15,23.755,23.83,23.62,23.77,8052,647
2015-09-16,23.724,24.16,23.724,23.98,11033,647
2015-09-17,24.03,24.03,23.95,23.95,1097,647
2015-09-18,23.9,23.98,23.9,23.98,350,647
2015-09-21,24.0,24.01,24.0,24.0,1000,647
2015-09-22,24.0,24.112,24.0,24.0,1316,647
2015-09-23,23.95,24.06,23.9,24.04,1590,647
2015-09-24,24.001,24.02,24.001,24.02,400,647
2015-09-25,24.0,24.06,24.0,24.05,600,647
2015-09-28,24.0,24.02,23.9,23.99,4500,647
2015-09-29,24.0,24.0,23.703,23.703,2550,647
2015-09-30,23.7,23.75,23.5,23.65,3990,647
2015-10-01,23.72,23.728,23.5,23.55,5765,647
2015-10-02,23.5,23.59,23.0,23.59,3600,647
2015-10-05,23.727,23.75,23.723,23.75,1400,647
2015-10-07,23.75,23.75,23.672,23.75,2301,647
2015-10-08,23.698,23.698,23.46,23.46,1100,647
2015-10-09,23.384,23.5,23.384,23.5,883,647
2015-10-12,23.718,23.718,23.54,23.54,2930,647
2015-10-13,23.63,23.63,23.55,23.55,1900,647
2015-10-14,23.41,23.41,23.39,23.396,1500,647
2015-10-15,23.4,23.4,23.203,23.373,1950,647
2015-10-16,23.08,23.66,23.08,23.49,1250,647
2015-10-19,23.47,23.54,23.33,23.54,10710,647
2015-10-20,23.45,23.498,23.4,23.498,1877,647
2015-10-21,23.43,23.63,23.43,23.609,2210,647
2015-10-22,23.69,23.74,23.541,23.541,3750,647
2015-10-23,23.59,23.69,23.55,23.69,3337,647
2015-10-28,23.51,23.67,23.51,23.529,1400,647
2015-10-29,23.252,23.252,23.252,23.252,1000,647
2015-10-30,23.22,23.39,23.22,23.39,400,647
2015-11-02,23.623,23.63,23.5,23.6,2280,647
2015-11-03,23.65,23.75,23.64,23.75,5900,647
2015-11-04,23.75,23.75,23.75,23.75,4945,647
2015-11-05,23.53,23.712,23.5,23.71,4028,647
2015-11-06,23.5,23.8,23.42,23.65,6300,647
2015-11-09,23.611,23.65,23.6,23.65,857,647
2015-11-12,23.51,23.51,23.5,23.5,1400,647
2015-11-13,23.64,23.72,23.64,23.7,2875,647
2015-11-17,23.67,23.7,23.56,23.56,2689,647
2015-11-18,23.562,23.6,23.55,23.55,1760,647
2015-11-19,23.838,23.87,23.72,23.75,3425,647
2015-11-20,23.75,24.0,23.75,24.0,6677,647
2015-11-23,24.0,24.0,23.983,24.0,1880,647
2015-11-24,23.95,23.95,23.75,23.75,4100,647
2015-11-25,23.783,23.85,23.75,23.75,1870,647
2015-11-27,23.58,23.58,23.43,23.43,1100,647
2015-11-30,23.71,23.71,23.46,23.5,21028,647
2015-12-01,23.5,23.5,23.479,23.495,12350,647
2015-12-02,23.46,23.5,23.46,23.49,10200,647
2015-12-03,23.5,23.5,23.46,23.5,4100,647
2015-12-04,23.493,23.5,23.48,23.48,6057,647
2015-12-07,23.46,23.46,23.35,23.403,12625,647
2015-12-08,23.37,23.42,23.11,23.11,27008,647
2015-12-09,22.93,23.1,22.92,22.95,6229,647
2015-12-10,23.0,23.095,22.85,22.85,7700,647
2015-12-11,22.85,22.85,22.0,22.0,8698,647
2015-12-14,22.5,22.5,21.74,21.827,8071,647
2015-12-15,21.9,22.373,21.85,21.899,5822,647
2015-12-16,22.003,22.14,21.956,22.14,6816,647
2015-12-17,22.0,22.38,21.604,22.38,7598,647
2015-12-18,22.41,22.41,21.74,21.8,4000,647
2015-12-21,21.85,22.122,21.84,22.122,3822,647
2015-12-22,22.11,22.31,22.09,22.29,1550,647
2015-12-23,22.25,22.7,22.25,22.5,5587,647
2015-12-24,22.51,22.7,22.45,22.7,4643,647
2015-12-28,22.9,22.9,22.46,22.65,3046,647
2015-12-29,22.75,22.9,22.741,22.9,9750,647
2015-12-30,23.08,23.08,22.72,22.84,4940,647
2015-12-31,23.09,23.09,22.9,22.96,8352,647
2016-01-04,22.82,22.82,22.62,22.7349,23879,647
2016-01-05,22.7899,22.85,22.6,22.73,12664,647
2016-01-06,22.46,22.69,22.46,22.6,2500,647
2016-01-07,22.4501,22.59,22.1916,22.1916,11850,647
2016-01-08,22.26,22.6,22.25,22.35,5416,647
2016-01-11,22.49,22.49,22.06,22.1552,4102,647
2016-01-12,22.07,22.1235,21.95,22.0339,7970,647
2016-01-13,22.53,22.53,21.601,21.79,15924,647
2016-01-14,21.55,21.55,20.95,21.32,18626,647
2016-01-15,21.472,21.472,21.05,21.19,4016,647
2016-01-19,20.75,20.75,20.75,20.75,0,647
2016-01-20,20.5,20.5,18.24,19.58,39418,647
2016-01-21,19.675,20.16,19.675,19.95,21463,647
2016-01-22,20.38,20.79,20.1027,20.79,27638,647
2016-01-25,20.51,20.51,20.16,20.4,3857,647
2016-01-26,20.42,21.04,20.22,20.26,6980,647
2016-01-27,20.39,20.42,20.35,20.352,4232,647
2016-01-28,20.34,20.34,20.02,20.176,5637,647
2016-01-29,20.6458,20.6458,20.18,20.5,5034,647
2016-02-01,20.39,20.48,20.28,20.48,938,647
2016-02-02,20.3,20.31,20.1,20.14,10107,647
2016-02-03,20.11,20.15,19.9,20.1,9391,647
2016-02-04,20.46,20.46,19.64,20.01,6275,647
2016-02-05,19.9,20.05,19.9,20.05,8655,647
2016-02-08,19.93,19.93,19.1,19.23,12852,647
2016-02-09,18.78,18.78,18.32,18.32,20975,647
2016-02-10,19.14,20.6,18.01,18.27,16185,647
2016-02-11,18.0,18.2081,17.5,17.7847,19930,647
2016-02-12,18.0,18.0,17.8,17.83,18602,647
2016-02-16,18.04,18.74,18.04,18.61,112444,647
2016-02-17,18.74,20.15,18.6,19.8,117995,647
2016-02-18,19.8,19.92,19.6901,19.823,2994,647
2016-02-19,19.82,19.94,19.82,19.94,722,647
2016-02-22,20.6,21.46,20.52,21.002,11294,647
2016-02-23,20.35,21.36,20.35,21.25,18136,647
2016-02-24,21.29,21.29,20.8418,20.8418,3360,647
2016-02-25,21.8,21.8,21.07,21.42,5318,647
2016-02-26,21.0,21.0,20.32,20.8096,3533,647
2016-02-29,20.8,20.8,20.22,20.25,4775,647
2016-03-01,20.25,20.9,20.25,20.9,11313,647
2016-03-02,20.45,21.34,20.45,21.34,3936,647
2016-03-03,21.2389,21.3,21.2389,21.3,1500,647
2016-03-04,21.74,21.74,21.3383,21.34,1640,647
2016-03-07,21.2439,21.71,21.21,21.55,6322,647
2016-03-08,21.4,21.4,21.23,21.24,2742,647
2016-03-10,21.16,21.25,20.775,21.01,2141,647
2016-03-11,21.35,21.41,20.95,21.07,2581,647
2016-03-14,21.8741,21.8741,21.3688,21.38,1396,647
2016-03-15,21.68,21.814,21.12,21.14,9763,647
2016-03-16,21.506,21.75,21.21,21.61,4870,647
2016-03-17,21.34,21.89,21.07,21.89,3309,647
2016-03-18,21.86,21.86,21.52,21.64,700,647
2016-03-21,21.52,21.68,21.5,21.51,900,647
2016-03-22,21.07,21.55,21.07,21.51,3661,647
2016-03-23,21.7,21.7,21.51,21.51,4070,647
2016-03-24,21.5085,21.7,21.43,21.69,7487,647
2016-03-28,21.65,21.6797,21.65,21.6627,2030,647
2016-03-29,21.42,21.7,21.42,21.7,1613,647
2016-03-30,21.32,21.9,21.32,21.85,5433,647
2016-03-31,21.86,22.22,21.6839,22.21,3391,647
2016-04-01,21.75,22.06,21.75,21.98,8170,647
2016-04-04,21.87,21.87,21.5,21.77,900,647
2016-04-05,21.7,21.77,21.5974,21.67,12225,647
2016-04-06,21.2,21.74,21.2,21.48,9983,647
2016-04-07,21.6,21.65,21.3,21.355,6667,647
2016-04-08,21.62,21.62,21.35,21.44,3553,647
2016-04-11,21.36,21.41,21.2,21.2,7900,647
2016-04-12,21.14,21.28,20.95,21.25,5469,647
2016-04-13,21.25,21.25,21.18,21.25,32405,647
2016-04-14,21.29,21.4,21.25,21.4,2849,647
2016-04-15,21.2,21.8435,21.14,21.8435,4700,647
2016-04-18,21.52,21.8899,21.52,21.67,2561,647
2016-04-19,21.5,21.88,21.41,21.54,103499,647
2016-04-20,21.5,21.85,21.4201,21.8,3199,647
2016-04-21,21.85,22.42,21.85,21.96,5025,647
2016-04-22,22.05,22.05,21.69,21.78,1991,647
2016-04-25,21.81,21.9399,21.39,21.462,21532,647
2016-04-26,21.411,21.4883,21.41,21.45,2350,647
2016-04-27,21.45,21.57,21.35,21.39,41480,647
2016-04-28,21.379,21.54,21.09,21.274,34771,647
2016-04-29,21.34,21.34,21.09,21.15,5740,647
2016-05-02,21.01,21.4,21.01,21.24,11440,647
2016-05-03,21.18,21.2782,21.0,21.2402,35650,647
2016-05-04,21.0792,21.21,21.036,21.14,9646,647
2016-05-05,21.23,21.5,21.15,21.5,8935,647
2016-05-06,21.5,21.5,21.26,21.3,5233,647
2016-05-09,21.45,21.45,21.24,21.4,12605,647
2016-05-10,21.33,21.45,21.15,21.45,36437,647
2016-05-11,21.5,21.84,21.5,21.84,20910,647
2016-05-12,21.6,22.0323,21.6,21.79,10715,647
2016-05-13,21.6801,21.95,21.6801,21.92,107979,647
2016-05-16,21.99,22.73,21.99,22.72,24715,647
2016-05-17,23.0,23.69,23.0,23.3,17329,647
2016-05-18,23.25,23.405,23.15,23.33,17566,647
2016-05-19,23.2,23.2,22.68,22.68,5188,647
2016-05-20,22.69,23.18,22.51,23.068,126730,647
2016-05-23,23.14,23.25,22.9442,22.9442,35407,647
2016-05-24,22.93,23.5,22.93,23.06,20415,647
2016-05-25,23.25,23.5,23.25,23.36,31304,647
2016-05-26,23.45,23.75,23.44,23.69,38940,647
2016-05-27,23.55,23.59,23.0,23.26,24873,647
2016-05-31,23.18,23.23,23.06,23.1,2700,647
2016-06-01,23.02,23.22,23.02,23.1,1500,647
2016-06-02,23.02,23.137,22.71,22.71,9376,647
2016-06-03,22.41,22.85,22.41,22.8,11350,647
2016-06-06,22.59,22.9101,22.59,22.81,8339,647
2016-06-07,22.61,22.75,22.46,22.61,5290,647
2016-06-08,22.502,22.68,22.502,22.68,1348,647
2016-06-09,22.565,22.69,22.53,22.53,887,647
2016-06-10,22.537,22.6331,22.5,22.5,3120,647
2016-06-13,22.8941,22.8941,22.4,22.43,4495,647
2016-06-14,22.37,22.4899,22.36,22.47,5420,647
2016-06-15,22.59,22.59,22.4101,22.59,3338,647
2016-06-16,22.6,22.837,22.5552,22.83,8220,647
2016-06-17,22.86,23.1376,22.81,22.9,26331,647
2016-06-20,22.9,22.98,22.8661,22.95,5183,647
2016-06-21,22.9,23.15,22.825,23.1499,18289,647
2016-06-22,22.925,23.158,22.925,23.01,2795,647
2016-06-23,23.059,23.059,22.66,22.87,14418,647
2016-06-24,22.8,22.84,22.75,22.75,1065,647
2016-06-27,22.7051,22.98,22.5813,22.8699,5260,647
2016-06-28,22.87,22.87,22.87,22.87,150,647
2016-06-29,22.99,23.0001,22.7001,22.71,8645,647
2016-06-30,22.89,22.9886,22.79,22.9886,5038,647
2016-07-01,22.9999,23.0,22.89,23.0,15300,647
2016-07-05,23.001,23.001,22.96,23.0,3987,647
2016-07-06,22.9201,23.0253,22.9201,23.0,3600,647
2016-07-07,23.0,23.15,23.0,23.1101,2698,647
2016-07-08,23.1899,23.19,23.0,23.1,7317,647
2016-07-11,23.05,23.2,23.01,23.169,7917,647
2016-07-12,23.17,23.25,23.03,23.25,24379,647
2016-07-13,23.25,23.25,22.93,23.18,10328,647
2016-07-14,23.18,23.35,23.08,23.3157,29486,647
2016-07-15,23.35,23.39,23.24,23.25,3923,647
2016-07-18,23.39,23.42,23.22,23.42,9664,647
2016-07-19,23.4299,23.45,23.29,23.45,10097,647
2016-07-20,23.38,23.45,23.25,23.45,10750,647
2016-07-21,23.4,23.45,23.22,23.45,6475,647
2016-07-22,23.47,23.47,23.23,23.47,7925,647
2016-07-25,23.3708,23.49,23.3708,23.48,3320,647
2016-07-26,23.39,23.6,23.34,23.6,12715,647
2016-07-27,23.5843,23.75,23.5325,23.75,11850,647
2016-07-28,23.73,23.73,23.6863,23.73,661,647
2016-07-29,23.66,23.89,23.575,23.8522,5414,647
2016-08-01,23.8877,23.95,23.77,23.86,7136,647
2016-08-02,24.0,24.14,24.0,24.14,1300,647
2016-08-03,24.0399,24.3699,24.0399,24.19,9429,647
2016-08-04,24.45,24.63,24.335,24.6,28720,647
2016-08-05,24.57,24.649,24.39,24.6,7783,647
2016-08-08,24.5,24.65,24.5,24.6001,8805,647
2016-08-09,24.65,24.7501,24.615,24.67,6487,647
2016-08-10,24.61,24.75,24.61,24.62,4984,647
2016-08-11,24.58,24.65,24.58,24.65,500,647
2016-08-12,24.73,24.8235,24.676,24.676,4181,647
2016-08-15,24.87,24.87,24.61,24.616,3369,647
2016-08-16,24.611,24.92,24.611,24.92,18221,647
2016-08-17,24.81,24.81,24.55,24.56,44389,647
2016-08-18,24.6,24.6,24.44,24.44,52373,647
2016-08-19,24.49,24.5,24.03,24.3,36251,647
2016-08-22,24.3,24.3,23.77,24.28,15483,647
2016-08-23,23.95,24.29,23.95,24.03,88458,647
2016-08-24,24.1,24.43,24.1,24.43,9588,647
2016-08-25,24.25,24.35,24.2,24.35,4089,647
2016-08-26,24.26,24.65,24.26,24.58,11545,647
2016-08-29,24.5,24.62,24.44,24.62,23241,647
2016-08-30,24.2,24.32,24.1269,24.32,17462,647
2016-08-31,24.24,24.33,24.22,24.29,13086,647
2016-09-01,24.2913,24.34,24.24,24.25,6256,647
2016-09-02,24.36,24.37,24.24,24.2933,2671,647
2016-09-06,24.37,24.37,24.3,24.3,2403,647
2016-09-07,24.36,24.38,24.2,24.38,6981,647
2016-09-08,24.22,24.35,24.22,24.29,4031,647
2016-09-09,24.2499,24.25,24.063,24.12,11924,647
2016-09-12,24.24,24.25,23.9601,24.03,3048,647
2016-09-13,24.11,24.2151,24.0,24.2,9514,647
2016-09-14,24.2,24.3,24.2,24.2,8471,647
2016-09-15,24.3,24.34,24.05,24.32,7916,647
2016-09-16,24.288,24.35,24.1849,24.3201,8353,647
2016-09-19,24.36,24.4408,24.1501,24.4408,3706,647
2016-09-20,24.3501,24.3853,24.3501,24.37,4967,647
2016-09-21,24.4,24.4,24.29,24.4,7617,647
2016-09-22,24.4814,24.7361,24.35,24.45,6916,647
2016-09-23,24.64,24.64,24.4,24.4,743,647
2016-09-26,24.414,24.5841,24.36,24.5206,8645,647
2016-09-27,24.4284,24.4716,24.41,24.462,1200,647
2016-09-28,24.38,24.5,24.35,24.39,5200,647
2016-09-29,24.5,24.5,24.5,24.5,100,647
2016-09-30,24.5,24.5,24.5,24.5,100,647
2016-10-03,24.33,24.59,24.3,24.59,5307,647
2016-10-04,24.53,24.53,24.02,24.38,1735,647
2016-10-05,24.49,24.5,24.4,24.45,3469,647
2016-10-06,24.45,24.45,24.4,24.44,3840,647
2016-10-07,24.3,24.4,24.3,24.3798,1040,647
2016-10-10,24.34,24.44,24.27,24.44,3943,647
2016-10-11,24.44,24.44,24.1436,24.3,4007,647
2016-10-12,24.25,24.59,24.25,24.4602,6651,647
2016-10-13,24.385,24.5146,24.036,24.05,10876,647
2016-10-14,24.2,24.47,24.2,24.4599,3482,647
2016-10-17,24.31,24.41,24.2,24.4,6502,647
2016-10-18,24.211,24.37,24.2,24.2525,11723,647
2016-10-19,24.25,24.4275,24.1035,24.25,1566,647
2016-10-20,24.2355,24.49,24.05,24.49,1456,647
2016-10-21,24.46,24.46,24.02,24.39,8511,647
2016-10-24,24.09,24.31,24.08,24.1501,3842,647
2016-10-25,24.2987,24.3309,24.12,24.12,3250,647
2016-10-26,24.4072,24.4072,24.29,24.4,1898,647
2016-10-27,24.5038,24.5038,24.2774,24.2774,16440,647
2016-10-28,24.2474,24.49,24.2474,24.49,1350,647
2016-10-31,24.48,24.49,24.12,24.12,7288,647
2016-11-01,24.44,24.44,24.4199,24.4199,390,647
2016-11-02,24.4962,24.5,24.2,24.2201,5853,647
2016-11-03,24.26,24.47,24.2176,24.25,4526,647
2016-11-04,24.24,24.24,24.21,24.21,305,647
2016-11-07,24.1338,24.17,24.1338,24.16,1547,647
2016-11-09,24.02,24.44,24.02,24.11,2360,647
2016-11-10,24.23,24.25,23.5,24.0,4171,647
2016-11-11,24.17,24.2,23.8497,24.2,5438,647
2016-11-14,24.0953,24.2,24.0953,24.2,1100,647
2016-11-15,24.17,24.2,23.77,24.18,2833,647
2016-11-16,24.026,24.18,24.026,24.18,1100,647
2016-11-17,24.02,24.29,24.02,24.29,2494,647
2016-11-18,23.9808,24.24,23.9808,24.24,1064,647
2016-11-21,24.0832,24.49,24.0832,24.49,4403,647
2016-11-22,24.4899,24.49,24.3,24.49,3020,647
2016-11-23,24.49,24.515,24.4,24.515,5270,647
2016-11-25,24.68,24.68,24.15,24.15,4409,647
2016-11-28,24.4255,24.5,24.37,24.37,5748,647
2016-11-29,24.2,24.2,24.02,24.14,982,647
2016-11-30,24.0,24.14,23.7158,24.0699,8601,647
2016-12-01,24.0023,24.0997,24.0023,24.0997,1100,647
2016-12-02,24.0724,24.0724,24.0,24.05,1800,647
2016-12-05,24.1,24.24,23.92,24.2299,5089,647
2016-12-06,24.2,24.2,24.04,24.2,6099,647
2016-12-07,23.95,24.1999,23.95,24.0387,1950,647
2016-12-08,24.0839,24.19,23.9,24.1899,5410,647
2016-12-09,23.96,24.2,23.96,24.1099,3251,647
2016-12-12,24.16,24.16,23.8,23.9499,1846,647
2016-12-13,23.52,23.9999,23.52,23.9999,1824,647
2016-12-14,24.064,24.07,23.781,24.0287,3483,647
2016-12-15,24.05,24.0714,24.02,24.05,5250,647
2016-12-16,23.85,24.1999,23.85,24.13,6978,647
2016-12-19,24.2,24.2,24.11,24.2,12708,647
2016-12-20,24.23,24.3,24.174,24.3,3748,647
2016-12-21,24.3,24.355,24.1637,24.2,9238,647
2016-12-22,24.21,24.3578,24.2,24.2272,5706,647
2016-12-23,24.19,24.3782,24.19,24.3,2250,647
2016-12-27,24.3,24.372,24.2585,24.2585,2225,647
2016-12-29,24.299,24.3127,24.15,24.2487,3180,647
2016-12-30,24.05,24.25,24.05,24.25,2500,647
2017-01-03,24.25,24.2976,24.25,24.2568,600,647
2017-01-04,24.3,24.3,24.2,24.2,1350,647
2017-01-05,24.15,24.2836,24.15,24.2836,424,647
2017-01-06,24.28,24.5099,24.28,24.5099,1840,647
2017-01-09,24.5,24.5,24.27,24.27,625,647
2017-01-10,24.35,24.43,24.3,24.43,2300,647
2017-01-11,24.44,24.45,24.2501,24.2501,670,647
2017-01-12,24.43,24.44,24.25,24.38,2055,647
2017-01-13,24.4,24.4,24.3532,24.3532,3320,647
2017-01-17,24.4,24.48,24.4,24.42,1380,647
2017-01-18,24.41,24.71,24.27,24.35,5622,647
2017-01-19,24.35,24.35,24.2,24.24,2645,647
2017-01-20,24.3,24.3,23.82,23.82,1325,647
2017-01-23,24.45,24.45,23.8238,24.08,4871,647
2017-01-24,24.34,24.34,23.94,24.1671,2861,647
2017-01-25,24.0708,24.21,23.95,23.95,15509,647
2017-01-26,24.0,24.13,23.99,24.0896,2005,647
2017-01-27,24.1,24.1,24.0,24.09,9146,647
2017-01-30,24.08,24.149,23.93,23.93,3695,647
2017-01-31,24.1,24.11,23.88,24.06,2560,647
2017-02-01,24.06,24.1761,24.0599,24.0791,1026,647
2017-02-02,24.1,24.1,24.001,24.0675,3187,647
2017-02-03,24.07,24.07,23.98,24.0,8144,647
2017-02-06,24.1,24.1,24.0549,24.0839,2136,647
2017-02-07,24.09,24.1,24.01,24.01,9149,647
2017-02-08,24.0902,24.19,24.0902,24.1899,5947,647
2017-02-09,24.1722,24.244,24.1722,24.21,7993,647
2017-02-10,24.21,24.29,24.21,24.22,5100,647
2017-02-13,24.35,24.48,24.21,24.35,12392,647
2017-02-14,24.35,24.4733,24.33,24.4733,6931,647
2017-02-15,24.3834,24.52,24.3834,24.4901,6296,647
2017-02-16,24.508,24.6494,24.49,24.55,27744,647
2017-02-17,24.5496,24.7,24.49,24.7,12670,647
2017-02-21,24.74,24.74,24.7,24.7294,2880,647
2017-02-22,24.73,24.75,24.7,24.7079,2605,647
2017-02-23,24.6997,24.7002,24.6995,24.7002,910,647
2017-02-24,24.7376,24.75,24.73,24.7499,3035,647
2017-02-27,24.47,24.47,24.25,24.3,7027,647
2017-02-28,24.32,24.3642,24.3,24.3332,5577,647
2017-03-01,24.0501,24.3391,24.0501,24.25,3372,647
2017-03-02,24.14,24.4,24.14,24.25,882,647
2017-03-03,24.25,24.29,24.23,24.2655,2350,647
2017-03-06,24.27,24.4699,24.25,24.4699,2523,647
2017-03-07,24.16,24.2652,24.16,24.21,980,647
2017-03-08,24.0861,24.2826,24.0861,24.2826,2125,647
2017-03-09,24.06,24.3,24.0,24.18,2198,647
2017-03-10,23.97,24.3099,23.97,24.28,5551,647
2017-03-13,24.3,24.413,24.28,24.413,5509,647
2017-03-14,24.35,24.35,24.3,24.3001,1580,647
2017-03-15,24.46,24.47,24.3,24.3,6147,647
2017-03-16,24.3435,24.38,24.29,24.3,6291,647
2017-03-17,24.3907,24.3907,24.1372,24.1372,3676,647
2017-03-20,24.23,24.6,24.23,24.56,8771,647
2017-03-21,24.5,24.5,24.3,24.5,10898,647
2017-03-22,24.44,24.5,24.4269,24.452,2325,647
2017-03-23,24.4,24.5,24.4,24.5,4780,647
2017-03-24,24.4101,24.4101,24.4101,24.4101,1025,647
2017-03-27,24.5,24.5,24.4,24.5,6411,647
2017-03-28,24.4366,24.4473,24.4366,24.4473,305,647
2017-03-29,24.49,24.6,24.49,24.5382,3797,647
2017-03-30,24.55,24.5999,24.26,24.5,2170,647
2017-03-31,24.5,24.561,24.31,24.31,8908,647
2017-04-03,24.57,24.6,24.5055,24.59,3249,647
2017-04-04,24.6,24.6,24.501,24.6,1763,647
2017-04-05,24.5886,24.59,24.39,24.4318,1575,647
2017-04-06,24.58,24.6,24.5,24.6,6023,647
2017-04-07,24.58,24.7,24.58,24.6668,9850,647
2017-04-10,24.75,24.75,24.65,24.71,6156,647
2017-04-11,24.65,24.792,24.65,24.7001,18029,647
2017-04-12,24.75,24.8,24.67,24.73,1165,647
2017-04-17,24.73,24.76,24.73,24.76,1825,647
2017-04-18,24.8,24.8,24.7,24.8,4310,647
2017-04-19,24.778,24.826,24.778,24.778,2079,647
2017-04-20,24.7,24.7,24.3397,24.6613,3300,647
2017-04-21,24.85,24.85,24.8,24.8,4997,647
2017-04-24,24.9,24.9,24.53,24.7,3485,647
2017-04-25,24.8353,24.8353,24.65,24.65,5595,647
2017-04-26,24.749,24.749,24.65,24.65,1510,647
2017-04-27,24.65,24.7105,24.63,24.65,9675,647
2017-04-28,24.75,24.85,24.65,24.6511,3183,647
2017-05-01,24.7,24.71,24.65,24.7,6090,647
2017-05-02,24.68,24.75,24.6775,24.73,5302,647
2017-05-03,24.7377,24.8,24.7377,24.8,3691,647
2017-05-04,24.81,24.8592,24.73,24.73,1500,647
2017-05-05,24.74,24.88,24.56,24.7812,5770,647
2017-05-08,24.831,24.831,24.8,24.8279,2453,647
2017-05-09,24.9,24.9,24.8999,24.8999,860,647
2017-05-10,24.86,24.86,24.8,24.82,5506,647
2017-05-11,24.87,24.92,24.8592,24.92,9301,647
2017-05-12,24.92,24.92,24.91,24.92,4301,647
2017-05-15,24.851,24.95,24.85,24.95,7693,647
2017-05-16,24.9522,25.05,24.9522,25.05,3200,647
2017-05-17,24.9384,25.0187,24.9384,25.0187,7424,647
2017-05-18,25.05,25.05,24.93,25.0264,11218,647
2017-05-19,25.1,25.2042,25.0,25.15,17643,647
2017-05-22,25.17,25.24,25.031,25.24,3877,647
2017-05-23,25.0985,25.2082,25.0985,25.2082,1248,647
2017-05-25,25.1447,25.18,25.01,25.18,4007,647
2017-05-26,25.1001,25.2,25.1,25.2,3320,647
2017-05-30,24.81,24.89,24.8065,24.88,5256,647
2017-05-31,24.9,24.96,24.9,24.91,4241,647
2017-06-01,24.8537,25.0699,24.8537,25.0699,4099,647
2017-06-02,25.0,25.03,25.0,25.0,3560,647
2017-06-05,25.0021,25.03,25.0,25.0,2825,647
2017-06-06,25.023,25.023,25.0001,25.01,1178,647
2017-06-07,25.0,25.1,25.0,25.1,3165,647
2017-06-08,25.01,25.0556,25.0,25.0001,1820,647
2017-06-09,25.064,25.15,25.064,25.075,3000,647
2017-06-12,25.05,25.0504,25.0229,25.0229,1508,647
2017-06-13,25.0851,25.09,25.0851,25.09,1050,647
2017-06-14,25.1297,25.1297,25.1138,25.1239,1975,647
2017-06-15,25.19,25.19,25.0301,25.1401,5023,647
2017-06-16,25.156,25.2,25.1,25.1349,7507,647
2017-06-19,25.1,25.2,25.1,25.1999,4301,647
2017-06-20,25.19,25.2,25.16,25.16,1900,647
2017-06-21,25.18,25.24,25.11,25.1101,6778,647
2017-06-22,25.2,25.25,25.19,25.24,1972,647
2017-06-23,25.2455,25.2455,25.13,25.1996,980,647
2017-06-26,25.15,25.2649,25.1498,25.24,3378,647
2017-06-27,25.22,25.22,25.17,25.1847,2254,647
2017-06-28,25.22,25.3449,25.15,25.3449,4927,647
2017-06-29,25.35,25.35,25.25,25.3237,1735,647
2017-06-30,25.35,25.3789,25.3,25.344,6240,647
2017-07-03,25.3218,25.33,25.32,25.3201,2672,647
2017-07-05,25.59,25.59,25.32,25.33,8885,647
2017-07-06,25.3755,25.3755,25.33,25.34,745,647
2017-07-07,25.3721,25.3721,25.34,25.34,815,647
2017-07-10,25.46,25.46,25.355,25.4,2242,647
2017-07-11,25.32,25.399,25.23,25.23,4934,647
2017-07-12,25.2,25.3622,25.2,25.2953,896,647
2017-07-13,25.25,25.3991,25.2,25.31,12007,647
2017-07-14,25.44,25.44,25.27,25.29,3185,647
2017-07-17,25.27,25.4,25.25,25.2977,5185,647
2017-07-18,25.2879,25.2879,25.15,25.25,253485,647
2017-07-19,25.2601,25.2957,25.2601,25.2601,1988,647
2017-07-20,25.29,25.3986,25.29,25.3986,1594,647
2017-07-21,25.37,25.37,25.27,25.3,1678,647
2017-07-24,25.43,25.43,25.31,25.39,3385,647
2017-07-25,25.44,25.44,25.35,25.3814,3090,647
2017-07-26,25.3999,25.3999,25.35,25.368,3853,647
2017-07-27,25.37,25.388,25.3301,25.3301,1518,647
2017-07-28,25.37,25.37,25.37,25.37,580,647
2017-07-31,25.37,25.38,25.346,25.38,6200,647
2017-08-01,25.34,25.3406,25.34,25.34,1340,647
2017-08-02,25.32,25.3382,25.3,25.3,1752,647
2017-08-03,25.2663,25.32,25.25,25.2606,1883,647
2017-08-04,25.27,25.3006,25.25,25.25,2785,647
2017-08-08,25.3194,25.3194,25.25,25.3,4444,647
2017-08-09,25.3705,25.43,25.3652,25.43,500,647
2017-08-10,25.337,25.362,25.31,25.362,1570,647
2017-08-11,25.3793,25.3793,25.3793,25.3793,280,647
2017-08-14,25.35,25.35,25.32,25.32,2840,647
2017-08-15,25.3248,25.3248,25.3248,25.3248,200,647
2017-08-16,25.35,25.35,25.35,25.35,1300,647
2017-08-17,25.3643,25.3754,25.3643,25.3696,460,647
2017-08-18,25.35,25.3509,25.31,25.3473,2907,647
2017-08-21,25.34,25.362,25.33,25.33,900,647
2017-08-22,25.331,25.38,25.331,25.35,1330,647
2017-08-23,25.3689,25.5,25.3674,25.3874,10771,647
2017-08-24,25.39,25.4091,25.39,25.4091,4955,647
2017-08-25,25.39,25.39,25.39,25.39,100,647
2017-08-28,25.48,25.6,25.44,25.44,4800,647
2017-08-29,25.3707,25.484,25.3707,25.484,2031,647
2017-08-30,25.27,25.27,25.11,25.12,5480,647
2017-08-31,25.03,25.186,25.0,25.0,4862,647
2017-09-01,25.1,25.1,25.1,25.1,100,647
2017-09-05,25.27,25.27,24.95,24.95,7970,647
2017-09-06,24.95,24.9822,24.868,24.9822,7501,647
2017-09-07,25.14,25.14,24.9755,24.9755,3360,647
2017-09-08,24.98,25.01,24.9,25.0,3381,647
2017-09-11,25.0101,25.02,24.9996,24.9999,1750,647
2017-09-12,25.14,25.14,24.98,25.0,5669,647
2017-09-13,25.0,25.1482,24.9721,25.13,9676,647
2017-09-14,25.0737,25.149,25.05,25.05,10336,647
2017-09-15,25.07,25.2226,25.0,25.15,9023,647
2017-09-18,25.25,25.25,25.03,25.12,17681,647
2017-09-19,25.11,25.15,25.1,25.125,3522,647
2017-09-20,25.14,25.3495,25.1,25.2486,8781,647
2017-09-21,25.1501,25.1695,25.1199,25.1199,5278,647
2017-09-22,25.11,25.15,25.11,25.12,27182,647
2017-09-25,25.15,25.1824,25.14,25.155,26383,647
2017-09-26,25.15,25.1538,25.15,25.15,134014,647
2017-09-27,25.15,25.17,25.15,25.15,4335,647
2017-09-28,25.15,25.15,25.15,25.15,3065,647
2017-09-29,25.1521,25.1521,25.15,25.15,720,647
2017-10-02,25.18,25.18,25.15,25.16,13132,647
2017-10-03,25.16,25.1605,25.16,25.16,1444,647
2017-10-04,25.16,25.169,25.15,25.16,7400,647
2017-10-05,25.18,25.18,25.16,25.16,2536,647
2017-10-06,25.16,25.18,25.16,25.18,9326,647
2017-10-09,25.1799,25.1799,25.16,25.1601,4951,647
2017-10-10,25.16,25.19,25.16,25.16,6816,647
2017-10-12,25.1714,25.1884,25.17,25.18,4750,647
2017-10-13,25.18,25.19,25.18,25.18,8870,647
2017-10-16,25.19,25.244,25.18,25.2034,5131,647
2017-10-17,25.19,25.21,25.18,25.18,7505,647
2017-10-18,25.18,25.27,25.18,25.192,7572,647
2017-10-19,25.2316,25.2413,25.2316,25.2413,320,647
2017-10-20,25.24,25.24,24.5,25.24,1120,647
2017-10-23,25.35,25.35,25.35,25.35,1542,647
