Date,Open,High,Low,Close,Volume,stock_id
2012-07-26,20.087,20.187,19.955,20.054,1867649,1107
2012-07-27,19.976,20.087,19.976,20.071,1708235,1107
2012-07-30,20.032,20.109,20.032,20.071,1159236,1107
2012-07-31,20.071,20.257,20.054,20.257,1805613,1107
2012-08-01,20.203,20.211,20.087,20.14,646291,1107
2012-08-02,20.187,20.187,20.116,20.134,882037,1107
2012-08-03,20.166,20.171,20.071,20.102,581991,1107
2012-08-06,20.109,20.178,20.087,20.095,508702,1107
2012-08-07,20.149,20.187,20.109,20.171,581531,1107
2012-08-08,20.211,20.211,20.134,20.166,460441,1107
2012-08-09,20.157,20.187,20.024,20.134,532682,1107
2012-08-10,20.125,20.187,20.087,20.134,566554,1107
2012-08-13,20.157,20.157,20.054,20.062,605128,1107
2012-08-14,20.078,20.319,20.071,20.311,712698,1107
2012-08-15,20.304,20.337,20.236,20.265,569621,1107
2012-08-16,20.304,20.337,20.166,20.304,286705,1107
2012-08-17,20.304,20.304,20.195,20.24,278280,1107
2012-08-20,20.265,20.265,20.102,20.109,289973,1107
2012-08-21,20.116,20.195,20.017,20.187,329897,1107
2012-08-22,20.203,20.211,20.109,20.157,355414,1107
2012-08-23,20.166,20.171,20.102,20.157,285082,1107
2012-08-24,20.166,20.304,20.157,20.171,218859,1107
2012-08-27,20.257,20.304,20.187,20.274,345515,1107
2012-08-28,20.291,20.381,20.265,20.337,307536,1107
2012-08-29,20.361,20.381,20.274,20.345,201561,1107
2012-08-30,20.368,20.415,20.311,20.415,199154,1107
2012-08-31,20.423,20.501,20.352,20.469,153713,1107
2012-09-04,20.501,20.601,20.431,20.601,185065,1107
2012-09-05,20.578,20.601,20.469,20.493,258004,1107
2012-09-06,20.501,20.531,20.407,20.501,255694,1107
2012-09-07,20.539,20.619,20.501,20.619,102947,1107
2012-09-10,20.641,20.648,20.501,20.539,235117,1107
2012-09-11,20.578,20.578,20.452,20.522,426622,1107
2012-09-12,20.501,20.501,20.352,20.352,316482,1107
2012-09-13,20.444,20.452,20.291,20.361,210694,1107
2012-09-14,20.444,20.444,20.337,20.423,161850,1107
2012-09-17,20.452,20.619,20.381,20.601,206540,1107
2012-09-18,20.619,20.619,20.461,20.548,438719,1107
2012-09-19,20.531,20.531,20.327,20.415,223393,1107
2012-09-20,20.361,20.389,20.319,20.345,180718,1107
2012-09-21,20.399,20.399,20.298,20.311,169014,1107
2012-09-24,20.298,20.345,20.25,20.298,129879,1107
2012-09-25,20.345,20.493,20.291,20.437,137452,1107
2012-09-26,20.452,20.452,20.389,20.444,97293,1107
2012-09-27,20.452,20.648,20.431,20.601,225014,1107
2012-09-28,20.578,20.648,20.522,20.593,163909,1107
2012-10-01,20.648,20.648,20.578,20.641,99330,1107
2012-10-02,20.633,20.663,20.578,20.619,147642,1107
2012-10-03,20.648,20.655,20.578,20.648,82730,1107
2012-10-04,20.663,20.852,20.626,20.852,107737,1107
2012-10-05,20.852,21.085,20.743,21.085,108057,1107
2012-10-08,21.124,21.124,21.007,21.085,136105,1107
2012-10-09,21.124,21.124,20.929,21.124,273578,1107
2012-10-10,21.117,21.117,20.929,20.985,319511,1107
2012-10-11,20.999,21.023,20.945,20.977,182498,1107
2012-10-12,20.991,21.047,20.953,21.047,56008,1107
2012-10-15,21.023,21.077,20.873,21.077,97608,1107
2012-10-16,21.023,21.047,20.891,20.999,339510,1107
2012-10-17,21.054,21.054,20.97,21.023,776608,1107
2012-10-18,21.054,21.054,20.929,20.97,1107912,1107
2012-10-19,21.047,21.281,20.859,20.961,2681642,1107
2012-10-22,20.97,21.04,20.829,20.829,158210,1107
2012-10-23,20.922,20.922,20.641,20.655,161672,1107
2012-10-24,20.766,20.805,20.556,20.578,243412,1107
2012-10-25,20.648,20.681,20.548,20.593,118829,1107
2012-10-26,20.601,20.663,20.563,20.61,88805,1107
2012-10-31,20.619,20.695,20.563,20.655,78319,1107
2012-11-01,20.766,20.774,20.695,20.734,72169,1107
2012-11-02,20.774,20.774,20.663,20.719,51468,1107
2012-11-05,20.725,20.725,20.663,20.719,62041,1107
2012-11-06,20.695,20.695,20.648,20.663,162195,1107
2012-11-07,20.655,20.655,20.501,20.539,113442,1107
2012-11-08,20.57,20.57,20.399,20.423,110939,1107
2012-11-09,20.493,20.493,20.423,20.469,51415,1107
2012-11-12,20.493,20.556,20.461,20.501,53633,1107
2012-11-13,20.539,20.539,20.452,20.493,87480,1107
2012-11-14,20.539,20.539,20.311,20.327,104771,1107
2012-11-15,20.298,20.304,19.813,20.166,100381,1107
2012-11-16,20.211,20.298,20.032,20.265,76830,1107
2012-11-19,20.374,20.477,20.337,20.415,66113,1107
2012-11-20,20.319,20.501,20.311,20.493,80115,1107
2012-11-21,20.501,20.531,20.381,20.501,52447,1107
2012-11-23,20.531,20.601,20.493,20.57,31899,1107
2012-11-26,20.57,20.57,20.381,20.423,88573,1107
2012-11-27,20.486,20.501,20.399,20.399,125018,1107
2012-11-28,20.368,20.501,20.368,20.461,62231,1107
2012-11-29,20.399,20.493,20.345,20.469,97122,1107
2012-11-30,20.452,20.501,20.437,20.437,78060,1107
2012-12-03,20.423,20.493,20.361,20.493,55913,1107
2012-12-04,20.486,20.501,20.423,20.469,40445,1107
2012-12-05,20.486,20.493,20.437,20.486,72030,1107
2012-12-06,20.486,20.57,20.486,20.531,67577,1107
2012-12-07,20.516,20.516,20.399,20.469,110812,1107
2012-12-10,20.461,20.563,20.452,20.516,43798,1107
2012-12-11,20.539,20.601,20.486,20.556,53471,1107
2012-12-12,20.228,20.345,20.149,20.236,81777,1107
2012-12-13,20.298,20.304,20.149,20.257,62529,1107
2012-12-14,20.265,20.265,20.087,20.25,107923,1107
2012-12-17,20.257,20.274,20.22,20.265,65048,1107
2012-12-18,20.291,20.304,20.187,20.291,93568,1107
2012-12-19,20.298,20.311,20.228,20.274,72621,1107
2012-12-20,20.24,20.282,20.203,20.265,60432,1107
2012-12-21,20.171,20.265,20.171,20.257,49526,1107
2012-12-24,20.265,20.282,20.203,20.24,23864,1107
2012-12-26,20.257,20.291,20.187,20.291,42812,1107
2012-12-27,20.291,20.345,20.24,20.319,40857,1107
2012-12-28,20.298,20.374,20.265,20.361,53587,1107
2012-12-31,20.368,20.374,20.265,20.265,39144,1107
2013-01-02,20.374,20.407,20.319,20.374,42111,1107
2013-01-03,20.389,20.501,20.345,20.493,83902,1107
2013-01-04,20.501,20.593,20.461,20.477,52051,1107
2013-01-07,20.501,20.641,20.444,20.461,69803,1107
2013-01-08,20.578,20.97,20.486,20.688,93316,1107
2013-01-09,20.648,20.695,20.556,20.57,70296,1107
2013-01-10,20.688,20.782,20.619,20.648,109040,1107
2013-01-11,20.719,20.758,20.619,20.688,62844,1107
2013-01-14,20.844,20.844,20.626,20.743,62602,1107
2013-01-15,20.695,20.873,20.61,20.626,148733,1107
2013-01-16,20.648,20.648,20.556,20.601,93749,1107
2013-01-17,20.672,20.695,20.578,20.626,90335,1107
2013-01-18,20.681,20.703,20.501,20.626,108915,1107
2013-01-22,20.619,20.681,20.586,20.626,71307,1107
2013-01-23,20.655,20.655,20.516,20.57,101670,1107
2013-01-24,20.601,20.626,20.361,20.501,90970,1107
2013-01-25,20.522,20.522,20.311,20.431,128528,1107
2013-01-28,20.407,20.501,20.389,20.389,57745,1107
2013-01-29,20.444,20.522,20.291,20.311,171810,1107
2013-01-30,20.368,20.389,20.274,20.374,83602,1107
2013-01-31,20.337,20.374,20.236,20.236,108300,1107
2013-02-01,20.345,20.381,20.265,20.361,92805,1107
2013-02-04,20.352,20.374,20.236,20.345,97211,1107
2013-02-05,20.368,20.461,20.291,20.298,95412,1107
2013-02-06,20.337,20.337,20.265,20.282,80165,1107
2013-02-07,20.291,20.415,20.25,20.265,85897,1107
2013-02-08,20.304,20.381,20.291,20.374,198543,1107
2013-02-11,20.381,20.415,20.352,20.368,57061,1107
2013-02-12,20.381,20.469,20.257,20.304,76594,1107
2013-02-13,20.337,20.337,20.274,20.298,55454,1107
2013-02-14,20.311,20.345,20.282,20.298,51028,1107
2013-02-15,20.361,20.493,20.265,20.304,87010,1107
2013-02-19,20.327,20.374,20.319,20.337,64545,1107
2013-02-20,20.368,20.368,20.195,20.228,177028,1107
2013-02-21,20.25,20.291,20.203,20.236,128689,1107
2013-02-22,20.265,20.374,20.25,20.304,205612,1107
2013-02-25,20.304,20.368,20.304,20.345,101262,1107
2013-02-26,20.381,20.399,20.304,20.327,94992,1107
2013-02-27,20.345,20.381,20.319,20.337,104775,1107
2013-02-28,20.345,20.415,20.304,20.304,90096,1107
2013-03-01,20.319,20.539,20.319,20.531,105070,1107
2013-03-04,20.522,20.672,20.486,20.578,57994,1107
2013-03-05,20.641,20.641,20.563,20.578,85449,1107
2013-03-06,20.586,20.672,20.57,20.626,383815,1107
2013-03-07,20.633,20.648,20.586,20.648,70109,1107
2013-03-08,20.633,20.641,20.522,20.619,81850,1107
2013-03-11,20.578,20.734,20.556,20.633,50777,1107
2013-03-12,20.693,20.741,20.597,20.677,153781,1107
2013-03-13,20.709,20.709,20.653,20.709,64150,1107
2013-03-14,20.741,20.858,20.723,20.748,88502,1107
2013-03-15,20.717,20.788,20.685,20.717,47938,1107
2013-03-18,20.764,20.794,20.638,20.685,74572,1107
2013-03-19,20.741,20.748,20.668,20.668,78976,1107
2013-03-20,20.709,20.781,20.668,20.781,71108,1107
2013-03-21,20.741,20.907,20.717,20.9,129214,1107
2013-03-22,20.883,20.946,20.828,20.828,41953,1107
2013-03-25,20.883,20.914,20.788,20.788,65494,1107
2013-03-26,20.794,20.907,20.772,20.794,38015,1107
2013-03-27,20.844,20.844,20.748,20.811,158066,1107
2013-03-28,20.835,20.946,20.828,20.907,132033,1107
2013-04-01,20.987,20.987,20.844,20.9,35237,1107
2013-04-02,20.923,20.962,20.873,20.873,86762,1107
2013-04-03,20.936,20.936,20.788,20.811,47795,1107
2013-04-04,20.819,20.866,20.772,20.788,41815,1107
2013-04-05,20.811,20.9,20.811,20.9,27442,1107
2013-04-08,20.914,20.914,20.717,20.757,60383,1107
2013-04-09,20.794,20.866,20.638,20.866,99811,1107
2013-04-10,20.819,20.866,20.757,20.851,38606,1107
2013-04-11,20.844,20.936,20.828,20.907,40043,1107
2013-04-12,20.9,20.923,20.866,20.866,46979,1107
2013-04-15,20.891,20.891,20.788,20.804,30354,1107
2013-04-16,20.828,20.962,20.811,20.962,55189,1107
2013-04-17,20.936,21.0,20.907,20.907,39952,1107
2013-04-18,20.962,20.987,20.907,20.978,32991,1107
2013-04-19,20.978,21.034,20.866,20.883,163775,1107
2013-04-22,20.971,21.017,20.907,20.93,67250,1107
2013-04-23,20.978,20.978,20.828,20.828,75367,1107
2013-04-24,20.851,20.93,20.781,20.93,41823,1107
2013-04-25,20.946,20.962,20.866,20.93,53563,1107
2013-04-26,20.936,20.971,20.891,20.946,36298,1107
2013-04-29,20.987,21.105,20.946,21.105,47250,1107
2013-04-30,21.12,21.16,21.042,21.042,72611,1107
2013-05-01,21.12,21.143,21.065,21.12,42601,1107
2013-05-02,21.128,21.335,21.105,21.335,225253,1107
2013-05-03,21.335,21.335,21.199,21.285,48267,1107
2013-05-06,21.209,21.318,21.209,21.279,82437,1107
2013-05-07,21.302,21.629,21.254,21.469,104152,1107
2013-05-08,21.46,21.563,21.318,21.365,130339,1107
2013-05-09,21.413,21.42,21.285,21.302,83363,1107
2013-05-10,21.318,21.35,21.279,21.302,81622,1107
2013-05-13,21.335,21.335,21.249,21.272,67401,1107
2013-05-14,21.249,21.294,21.16,21.16,77540,1107
2013-05-15,21.215,21.215,20.93,20.946,96397,1107
2013-05-16,20.987,21.089,20.962,21.009,65302,1107
2013-05-17,21.048,21.112,20.993,21.08,82893,1107
2013-05-20,21.12,21.136,21.065,21.072,99270,1107
2013-05-21,21.12,21.152,21.034,21.152,49108,1107
2013-05-22,21.105,21.249,21.009,21.143,87428,1107
2013-05-23,21.042,21.168,21.009,21.16,72975,1107
2013-05-24,21.105,21.231,21.098,21.12,62120,1107
2013-05-28,21.254,21.342,21.026,21.048,524440,1107
2013-05-29,21.042,21.042,20.597,20.794,204736,1107
2013-05-30,20.748,20.811,20.685,20.781,54190,1107
2013-05-31,20.772,20.891,20.525,20.533,177901,1107
2013-06-03,20.645,20.685,19.916,20.185,414110,1107
2013-06-04,20.194,20.29,20.076,20.138,302506,1107
2013-06-05,20.156,20.156,19.86,20.035,527038,1107
2013-06-06,20.067,20.194,19.901,20.131,316818,1107
2013-06-07,20.156,20.248,20.146,20.219,107664,1107
2013-06-10,20.194,20.248,19.886,19.979,62645,1107
2013-06-11,19.932,19.932,19.614,19.796,225967,1107
2013-06-12,20.397,20.397,19.312,19.736,215896,1107
2013-06-13,19.69,20.035,19.054,20.012,298624,1107
2013-06-14,19.939,20.076,19.892,20.003,188488,1107
2013-06-17,20.076,20.243,19.771,19.819,111258,1107
2013-06-18,19.819,20.092,19.626,20.051,172587,1107
2013-06-19,19.963,20.092,19.771,19.921,175061,1107
2013-06-20,19.69,19.69,19.168,19.247,236260,1107
2013-06-21,19.391,19.442,19.046,19.312,358959,1107
2013-06-24,19.182,19.182,18.525,18.887,224964,1107
2013-06-25,19.023,19.063,18.75,18.879,331502,1107
2013-06-26,19.016,19.336,18.965,19.088,252959,1107
2013-06-27,19.247,19.608,19.088,19.514,597537,1107
2013-06-28,19.842,19.981,19.655,19.981,272738,1107
2013-07-01,19.665,19.819,19.651,19.656,117598,1107
2013-07-02,19.736,19.931,19.608,19.672,127031,1107
2013-07-03,19.634,19.651,19.57,19.643,57510,1107
2013-07-05,19.489,19.489,19.038,19.096,73307,1107
2013-07-08,19.168,19.247,18.895,19.16,125686,1107
2013-07-09,19.207,19.288,19.127,19.175,124874,1107
2013-07-10,19.111,19.579,19.046,19.528,147642,1107
2013-07-11,19.634,19.842,19.634,19.736,131374,1107
2013-07-12,19.779,19.906,19.729,19.779,108319,1107
2013-07-15,19.729,19.819,19.528,19.656,92055,1107
2013-07-16,19.592,19.81,19.545,19.771,61127,1107
2013-07-17,19.842,19.921,19.754,19.794,116519,1107
2013-07-18,19.801,19.875,19.779,19.779,78106,1107
2013-07-19,19.827,19.835,19.288,19.616,158075,1107
2013-07-22,19.626,19.763,19.626,19.736,42110,1107
2013-07-23,19.754,19.866,19.721,19.801,146849,1107
2013-07-24,19.784,19.875,19.672,19.707,131881,1107
2013-07-25,19.69,19.69,19.579,19.592,100543,1107
2013-07-26,19.528,19.715,19.528,19.592,60827,1107
2013-07-29,19.592,19.682,19.288,19.344,94879,1107
2013-07-30,19.288,19.57,19.28,19.465,76555,1107
2013-07-31,19.391,19.552,19.175,19.514,110454,1107
2013-08-01,19.592,19.616,19.377,19.415,208472,1107
2013-08-02,19.377,19.489,19.207,19.254,70414,1107
2013-08-05,19.319,19.401,18.999,19.031,74595,1107
2013-08-06,19.07,19.119,18.712,18.846,137122,1107
2013-08-07,18.917,19.046,18.66,18.669,156390,1107
2013-08-08,18.766,18.87,18.653,18.712,243173,1107
2013-08-09,18.766,19.006,18.685,18.724,297881,1107
2013-08-12,18.733,18.78,18.685,18.742,137059,1107
2013-08-13,18.685,18.693,18.491,18.581,145089,1107
2013-08-14,18.564,18.638,18.171,18.259,277167,1107
2013-08-15,18.082,18.082,17.313,17.939,171723,1107
2013-08-16,17.791,17.947,17.448,17.809,134452,1107
2013-08-19,17.848,17.848,17.569,17.712,142966,1107
2013-08-20,17.664,18.171,17.585,18.074,145427,1107
2013-08-21,17.809,18.283,17.561,18.097,128987,1107
2013-08-22,18.089,18.404,18.089,18.291,136957,1107
2013-08-23,18.251,18.541,18.251,18.525,143555,1107
2013-08-26,18.589,18.702,18.541,18.613,107080,1107
2013-08-27,18.547,18.619,18.283,18.444,372420,1107
2013-08-28,18.452,18.556,18.308,18.364,425274,1107
2013-08-29,18.202,18.452,18.202,18.364,109180,1107
2013-08-30,18.666,18.722,18.592,18.634,52679,1107
2013-09-03,18.364,18.364,18.154,18.244,106574,1107
2013-09-04,18.202,18.308,18.082,18.18,122945,1107
2013-09-05,18.124,18.154,17.939,17.961,168648,1107
2013-09-06,17.961,18.097,17.961,18.012,321097,1107
2013-09-09,18.003,18.051,17.969,17.994,170161,1107
2013-09-10,17.961,18.115,17.783,18.115,145540,1107
2013-09-11,18.027,18.209,18.027,18.185,82429,1107
2013-09-12,18.078,18.2,17.996,18.143,382884,1107
2013-09-13,18.027,18.135,17.971,18.037,330274,1107
2013-09-16,18.12,18.12,17.931,18.006,241135,1107
2013-09-17,17.94,18.062,17.841,17.971,153990,1107
2013-09-18,17.996,18.12,17.892,18.046,810523,1107
2013-09-19,18.102,18.178,17.963,17.996,579654,1107
2013-09-20,17.931,18.143,17.931,18.037,115827,1107
2013-09-23,17.948,18.02,17.841,17.931,156698,1107
2013-09-24,17.948,18.078,17.931,17.963,133477,1107
2013-09-25,17.963,18.02,17.921,17.98,159704,1107
2013-09-26,17.971,18.503,17.956,17.971,760101,1107
2013-09-27,18.02,18.185,17.931,17.971,114552,1107
2013-09-30,17.898,18.013,17.856,17.988,95720,1107
2013-10-01,17.914,18.086,17.883,17.931,76358,1107
2013-10-02,17.906,18.072,17.906,17.956,74449,1107
2013-10-03,17.931,18.037,17.841,18.037,81295,1107
2013-10-04,18.013,18.158,18.013,18.135,82594,1107
2013-10-07,18.054,18.102,18.027,18.062,75417,1107
2013-10-08,18.046,18.086,17.883,17.996,86313,1107
2013-10-09,18.006,18.013,17.817,17.848,99448,1107
2013-10-10,17.906,18.072,17.865,17.996,203976,1107
2013-10-11,18.027,18.054,17.914,17.971,59668,1107
2013-10-14,17.906,17.988,17.892,17.914,46740,1107
2013-10-15,17.914,17.98,17.848,17.848,83685,1107
2013-10-16,17.848,17.956,17.8,17.817,116851,1107
2013-10-17,17.848,17.892,17.742,17.775,190389,1107
2013-10-18,17.775,18.046,17.775,18.046,103839,1107
2013-10-21,18.027,18.178,17.971,18.111,182928,1107
2013-10-22,18.178,18.537,18.178,18.405,144168,1107
2013-10-23,18.364,18.731,18.356,18.61,139535,1107
2013-10-24,18.666,18.699,18.356,18.544,114420,1107
2013-10-25,18.486,18.519,18.373,18.43,65435,1107
2013-10-28,18.323,18.55,18.216,18.333,89017,1107
2013-10-29,18.281,18.568,18.257,18.479,159603,1107
2013-10-30,18.436,18.454,18.307,18.373,125077,1107
2013-10-31,18.315,18.398,18.275,18.299,80515,1107
2013-11-01,18.275,18.445,18.275,18.43,87013,1107
2013-11-04,18.405,18.577,18.388,18.537,83670,1107
2013-11-05,18.479,18.55,18.356,18.486,69811,1107
2013-11-06,18.486,18.55,18.347,18.471,93438,1107
2013-11-07,18.398,18.512,18.388,18.454,80012,1107
2013-11-08,18.364,18.494,18.299,18.445,104666,1107
2013-11-11,18.463,18.512,18.398,18.42,47469,1107
2013-11-12,18.43,18.43,18.307,18.333,95466,1107
2013-11-13,18.299,18.338,18.243,18.257,111237,1107
2013-11-14,18.323,18.323,18.251,18.281,145329,1107
2013-11-15,18.347,18.347,18.243,18.275,84718,1107
2013-11-18,18.257,18.29,18.216,18.257,73020,1107
2013-11-19,18.128,18.281,18.093,18.233,57632,1107
2013-11-20,18.281,18.333,18.062,18.086,58897,1107
2013-11-21,18.086,18.364,18.013,18.299,127341,1107
2013-11-22,18.307,18.503,18.243,18.445,129684,1107
2013-11-25,18.338,18.412,18.281,18.38,174345,1107
2013-11-26,18.364,18.55,18.299,18.479,199079,1107
2013-11-27,18.412,18.585,18.38,18.463,112117,1107
2013-11-29,18.405,18.494,18.405,18.454,28270,1107
2013-12-02,18.43,18.486,18.257,18.257,85329,1107
2013-12-03,18.257,18.364,18.257,18.307,101029,1107
2013-12-04,18.225,18.225,18.006,18.093,107367,1107
2013-12-05,18.046,18.062,17.611,17.79,179535,1107
2013-12-06,17.725,17.906,17.677,17.809,111669,1107
2013-12-09,17.769,17.827,17.661,17.71,128257,1107
2013-12-10,17.718,17.775,17.579,17.769,193436,1107
2013-12-11,17.761,17.857,17.56,17.694,246455,1107
2013-12-12,17.56,17.65,17.312,17.428,214399,1107
2013-12-13,17.443,17.525,17.334,17.525,213984,1107
2013-12-16,17.476,17.601,17.436,17.601,234093,1107
2013-12-17,17.518,17.592,17.428,17.585,237291,1107
2013-12-18,17.502,17.659,17.361,17.659,229711,1107
2013-12-19,17.551,17.65,17.4,17.601,207011,1107
2013-12-20,17.525,17.617,17.46,17.569,169968,1107
2013-12-23,17.585,17.643,17.392,17.443,246245,1107
2013-12-24,17.419,17.428,17.334,17.361,105823,1107
2013-12-26,17.342,17.46,17.284,17.451,274054,1107
2013-12-27,17.451,17.543,17.352,17.518,234366,1107
2013-12-30,17.419,17.543,17.326,17.518,220425,1107
2013-12-31,17.436,17.79,17.436,17.761,200111,1107
2014-01-02,17.627,17.9,17.627,17.876,145781,1107
2014-01-03,17.876,18.266,17.876,18.257,86837,1107
2014-01-06,18.257,18.541,18.223,18.541,135078,1107
2014-01-07,18.541,18.614,18.474,18.546,124751,1107
2014-01-08,18.506,18.515,18.357,18.515,89196,1107
2014-01-09,18.524,18.631,18.4,18.59,88149,1107
2014-01-10,18.607,18.664,18.581,18.597,118815,1107
2014-01-13,18.546,18.688,18.546,18.681,116624,1107
2014-01-14,18.648,18.721,18.573,18.688,98181,1107
2014-01-15,18.654,18.73,18.641,18.673,77638,1107
2014-01-16,18.664,18.74,18.664,18.721,83802,1107
2014-01-17,18.707,18.755,18.631,18.641,204967,1107
2014-01-21,18.648,18.947,18.641,18.881,139868,1107
2014-01-22,18.947,19.071,18.863,18.929,77825,1107
2014-01-23,18.956,18.979,18.681,18.748,73104,1107
2014-01-24,18.681,18.815,18.59,18.78,125109,1107
2014-01-27,18.755,18.921,18.73,18.889,65829,1107
2014-01-28,18.823,18.889,18.748,18.806,107826,1107
2014-01-29,18.707,18.815,18.707,18.721,52405,1107
2014-01-30,18.748,18.823,18.74,18.815,104544,1107
2014-01-31,18.814,18.831,18.688,18.806,114262,1107
2014-02-03,18.787,18.815,18.748,18.815,66267,1107
2014-02-04,18.815,18.815,18.773,18.806,121762,1107
2014-02-05,18.815,18.815,18.773,18.815,74818,1107
2014-02-06,18.78,18.815,18.74,18.78,59219,1107
2014-02-07,18.78,18.84,18.773,18.806,349442,1107
2014-02-10,18.787,18.938,18.78,18.806,114028,1107
2014-02-11,18.83,18.996,18.823,18.938,319049,1107
2014-02-12,18.938,19.054,18.938,18.964,101360,1107
2014-02-13,18.913,19.105,18.913,19.08,139910,1107
2014-02-14,19.063,19.319,19.054,19.288,262772,1107
2014-02-18,19.288,19.437,19.288,19.386,105294,1107
2014-02-19,19.404,19.628,19.386,19.552,138722,1107
2014-02-20,19.544,19.544,19.428,19.462,215861,1107
2014-02-21,19.544,19.735,19.462,19.712,298567,1107
2014-02-24,19.677,19.712,19.552,19.602,133320,1107
2014-02-25,19.677,19.726,19.521,19.652,187315,1107
2014-02-26,19.686,19.712,19.61,19.61,108669,1107
2014-02-27,19.646,19.646,19.58,19.638,156106,1107
2014-02-28,19.646,19.685,19.602,19.602,184235,1107
2014-03-03,19.602,19.667,19.544,19.638,62000,1107
2014-03-04,19.667,19.712,19.638,19.704,59719,1107
2014-03-05,19.646,19.695,19.646,19.652,45284,1107
2014-03-06,19.686,19.753,19.628,19.704,75280,1107
2014-03-07,19.686,19.735,19.646,19.704,70597,1107
2014-03-10,19.735,19.735,19.695,19.712,93253,1107
2014-03-11,19.744,19.744,19.686,19.686,84273,1107
2014-03-12,19.779,19.912,19.667,19.912,57094,1107
2014-03-13,19.912,19.998,19.838,19.862,77833,1107
2014-03-14,19.862,20.023,19.862,19.98,66171,1107
2014-03-17,20.006,20.218,19.98,20.209,135739,1107
2014-03-18,20.209,20.235,20.106,20.14,187514,1107
2014-03-19,20.133,20.227,20.123,20.158,113115,1107
2014-03-20,20.14,20.209,20.023,20.191,154994,1107
2014-03-21,20.168,20.191,20.1,20.1,76887,1107
2014-03-24,20.114,20.267,20.1,20.114,278192,1107
2014-03-25,20.168,20.168,20.047,20.074,118557,1107
2014-03-26,20.158,20.199,20.047,20.133,198120,1107
2014-03-27,20.114,20.173,20.074,20.14,143496,1107
2014-03-28,20.158,20.235,20.14,20.218,118309,1107
2014-03-31,20.182,20.235,20.168,20.218,124362,1107
2014-04-01,20.199,20.479,20.199,20.411,360437,1107
2014-04-02,20.411,20.537,20.369,20.47,109039,1107
2014-04-03,20.47,20.504,20.325,20.411,95796,1107
2014-04-04,20.452,20.563,20.393,20.563,85198,1107
2014-04-07,20.461,20.623,20.461,20.579,97680,1107
2014-04-08,20.563,20.698,20.547,20.69,107278,1107
2014-04-09,20.682,20.73,20.623,20.682,95397,1107
2014-04-10,20.698,20.74,20.63,20.715,80018,1107
2014-04-11,20.706,20.783,20.706,20.765,62960,1107
2014-04-14,20.783,20.807,20.69,20.74,76364,1107
2014-04-15,20.748,20.824,20.715,20.748,70600,1107
2014-04-16,20.757,20.824,20.748,20.815,125096,1107
2014-04-17,20.774,20.824,20.663,20.663,288772,1107
2014-04-21,20.69,20.748,20.69,20.722,45796,1107
2014-04-22,20.783,20.783,20.663,20.74,79330,1107
2014-04-23,20.748,20.774,20.663,20.774,73002,1107
2014-04-24,20.74,20.917,20.672,20.765,153868,1107
2014-04-25,20.783,20.834,20.74,20.815,98501,1107
2014-04-28,20.765,20.959,20.765,20.917,85428,1107
2014-04-29,20.976,20.992,20.834,20.917,152449,1107
2014-04-30,20.992,21.06,20.842,20.941,110825,1107
2014-05-01,20.985,21.035,20.909,20.985,44360,1107
2014-05-02,20.909,21.035,20.892,21.009,55618,1107
2014-05-05,20.926,21.009,20.926,21.0,63123,1107
2014-05-06,20.992,21.009,20.892,20.926,84320,1107
2014-05-07,20.926,21.0,20.858,20.892,133656,1107
2014-05-08,20.865,20.941,20.865,20.892,60700,1107
2014-05-09,20.926,20.926,20.842,20.892,58047,1107
2014-05-12,20.883,20.933,20.865,20.909,43505,1107
2014-05-13,20.901,21.035,20.901,21.035,77255,1107
2014-05-14,21.035,21.085,21.0,21.085,86952,1107
2014-05-15,21.076,21.111,21.035,21.076,68764,1107
2014-05-16,21.085,21.111,21.035,21.111,68615,1107
2014-05-19,21.095,21.296,21.095,21.262,82993,1107
2014-05-20,21.187,21.272,21.187,21.204,53206,1107
2014-05-21,21.204,21.211,21.162,21.162,41585,1107
2014-05-22,21.194,21.194,21.085,21.095,46907,1107
2014-05-23,21.085,21.111,20.959,21.051,47072,1107
2014-05-27,21.051,21.17,20.968,21.119,103588,1107
2014-05-28,21.17,21.229,21.136,21.194,42539,1107
2014-05-29,21.262,21.28,21.162,21.162,94352,1107
2014-05-30,21.17,21.237,21.17,21.17,45299,1107
2014-06-02,21.211,21.211,21.162,21.17,43633,1107
2014-06-03,21.211,21.211,20.976,21.017,163651,1107
2014-06-04,20.976,20.976,20.52,20.63,180694,1107
2014-06-05,20.655,20.873,20.587,20.849,82292,1107
2014-06-06,20.873,21.085,20.873,21.085,35637,1107
2014-06-09,21.051,21.085,21.009,21.085,35783,1107
2014-06-10,21.035,21.068,20.926,20.985,103980,1107
2014-06-11,21.027,21.035,20.666,20.725,138213,1107
2014-06-12,20.753,20.871,20.753,20.779,148982,1107
2014-06-13,21.181,21.386,19.71,20.719,82555,1107
2014-06-16,20.794,20.804,20.745,20.804,45157,1107
2014-06-17,20.794,20.992,20.745,20.94,69350,1107
2014-06-18,20.95,21.027,20.804,20.831,121590,1107
2014-06-19,20.846,20.881,20.794,20.846,42317,1107
2014-06-20,20.839,20.846,20.77,20.787,118903,1107
2014-06-23,20.839,20.846,20.735,20.753,114788,1107
2014-06-24,20.794,20.794,20.745,20.753,112949,1107
2014-06-25,20.779,20.779,20.735,20.745,166532,1107
2014-06-26,20.821,20.846,20.753,20.787,151326,1107
2014-06-27,20.804,20.881,20.779,20.831,49349,1107
2014-06-30,20.863,20.907,20.839,20.855,64202,1107
2014-07-01,20.881,20.881,20.804,20.846,53659,1107
2014-07-02,20.839,20.839,20.762,20.77,114866,1107
2014-07-03,20.812,20.812,20.702,20.725,42376,1107
2014-07-07,20.725,20.804,20.676,20.787,107841,1107
2014-07-08,20.821,20.881,20.77,20.863,52823,1107
2014-07-09,20.863,21.009,20.855,20.992,355121,1107
2014-07-10,20.959,21.0,20.9,20.959,58598,1107
2014-07-11,20.915,21.077,20.915,21.077,89180,1107
2014-07-14,21.052,21.223,21.009,21.172,178158,1107
2014-07-15,21.121,21.223,21.121,21.223,113045,1107
2014-07-16,21.25,21.25,21.164,21.207,57012,1107
2014-07-17,21.232,21.25,21.155,21.164,95664,1107
2014-07-18,21.145,21.232,21.061,21.155,192916,1107
2014-07-21,21.172,21.223,21.096,21.096,40804,1107
2014-07-22,21.086,21.214,21.086,21.181,41858,1107
2014-07-23,21.155,21.25,21.155,21.25,46681,1107
2014-07-24,21.25,21.351,21.241,21.335,46195,1107
2014-07-25,21.344,21.455,21.241,21.419,60803,1107
2014-07-28,21.463,21.472,21.335,21.429,84935,1107
2014-07-29,21.446,21.472,21.404,21.446,59432,1107
2014-07-30,21.394,21.48,21.344,21.429,69988,1107
2014-07-31,21.335,21.386,21.027,21.027,107936,1107
2014-08-01,21.009,21.181,21.009,21.052,96595,1107
2014-08-04,21.061,21.181,21.052,21.052,51554,1107
2014-08-05,21.052,21.172,21.035,21.138,56595,1107
2014-08-06,21.121,21.266,21.112,21.207,63994,1107
2014-08-07,21.276,21.351,21.257,21.351,38567,1107
2014-08-08,21.351,21.386,21.276,21.318,30098,1107
2014-08-11,21.318,21.386,21.276,21.344,32040,1107
2014-08-12,21.318,21.386,21.318,21.378,22702,1107
2014-08-13,21.369,21.463,21.36,21.463,30468,1107
2014-08-14,21.455,21.524,21.412,21.496,81148,1107
2014-08-15,21.489,21.539,21.419,21.437,35482,1107
2014-08-18,21.539,21.565,21.463,21.515,37231,1107
2014-08-19,21.496,21.558,21.463,21.515,119705,1107
2014-08-20,21.515,21.524,21.437,21.489,40601,1107
2014-08-21,21.524,21.524,21.429,21.48,45222,1107
2014-08-22,21.496,21.496,21.429,21.437,33975,1107
2014-08-25,21.419,21.463,21.419,21.446,50187,1107
2014-08-26,21.412,21.489,21.412,21.446,31865,1107
2014-08-27,21.524,21.524,21.394,21.515,30086,1107
2014-08-28,21.496,21.539,21.472,21.524,26640,1107
2014-08-29,21.489,21.505,21.394,21.412,46917,1107
2014-09-02,21.489,21.489,21.241,21.266,46991,1107
2014-09-03,21.31,21.31,21.164,21.291,48281,1107
2014-09-04,21.325,21.325,21.009,21.044,74713,1107
2014-09-05,21.104,21.138,20.89,21.044,56261,1107
2014-09-08,21.069,21.189,21.069,21.086,41916,1107
2014-09-09,21.112,21.145,21.035,21.129,46721,1107
2014-09-10,21.138,21.208,21.025,21.189,66467,1107
2014-09-11,21.076,21.242,21.076,21.155,30961,1107
2014-09-12,21.145,21.172,21.059,21.103,74577,1107
2014-09-15,21.015,21.208,21.015,21.198,47920,1107
2014-09-16,21.208,21.319,21.145,21.224,45515,1107
2014-09-17,21.215,21.347,21.215,21.319,39616,1107
2014-09-18,21.268,21.485,21.268,21.398,45416,1107
2014-09-19,21.442,21.493,21.407,21.451,58140,1107
2014-09-22,21.468,21.468,21.372,21.372,28846,1107
2014-09-23,21.338,21.372,21.189,21.293,55840,1107
2014-09-24,21.293,21.398,21.293,21.328,49824,1107
2014-09-25,21.293,21.328,21.198,21.302,42169,1107
2014-09-26,21.268,21.363,21.172,21.363,53213,1107
2014-09-29,21.284,21.432,21.284,21.423,40912,1107
2014-09-30,21.432,21.545,21.381,21.432,93976,1107
2014-10-01,21.407,21.535,21.319,21.415,52597,1107
2014-10-02,21.432,21.475,21.363,21.432,29916,1107
2014-10-03,21.407,21.511,21.398,21.442,34067,1107
2014-10-06,21.442,21.511,21.381,21.398,26040,1107
2014-10-07,21.475,21.485,21.407,21.458,31513,1107
2014-10-08,21.407,21.615,21.407,21.555,78145,1107
2014-10-09,21.59,21.615,21.485,21.528,47371,1107
2014-10-10,21.458,21.562,21.372,21.372,56390,1107
2014-10-13,21.432,21.485,21.372,21.398,48681,1107
2014-10-14,21.398,21.581,21.398,21.415,68515,1107
2014-10-15,21.398,21.562,21.319,21.458,56801,1107
2014-10-16,21.458,21.571,21.432,21.571,35299,1107
2014-10-17,21.571,21.665,21.485,21.665,48034,1107
2014-10-20,21.625,21.711,21.581,21.651,35941,1107
2014-10-21,21.695,21.771,21.665,21.763,55572,1107
2014-10-22,21.78,21.796,21.711,21.789,92808,1107
2014-10-23,21.824,21.833,21.72,21.78,38611,1107
2014-10-24,21.755,21.91,21.745,21.885,33125,1107
2014-10-27,21.902,21.91,21.833,21.875,29208,1107
2014-10-28,21.875,21.885,21.815,21.85,125867,1107
2014-10-29,21.866,21.919,21.833,21.902,33044,1107
2014-10-30,21.824,21.926,21.824,21.91,51106,1107
2014-10-31,21.91,21.954,21.866,21.945,99868,1107
2014-11-03,21.894,21.962,21.894,21.91,42548,1107
2014-11-04,21.902,21.962,21.902,21.954,49889,1107
2014-11-05,21.885,21.954,21.885,21.919,40829,1107
2014-11-06,21.866,22.006,21.858,21.996,32599,1107
2014-11-07,21.954,22.127,21.954,22.041,54180,1107
2014-11-10,21.996,22.075,21.996,21.996,56998,1107
2014-11-11,22.058,22.083,22.014,22.066,22912,1107
2014-11-12,22.066,22.127,22.066,22.127,44439,1107
2014-11-13,22.127,22.171,22.093,22.144,78496,1107
2014-11-14,22.136,22.204,22.127,22.127,63922,1107
2014-11-17,22.101,22.12,22.058,22.058,50757,1107
2014-11-18,22.171,22.171,22.023,22.05,75352,1107
2014-11-19,22.05,22.083,22.023,22.023,36213,1107
2014-11-20,22.083,22.127,22.023,22.093,77969,1107
2014-11-21,22.136,22.136,22.058,22.12,34446,1107
2014-11-24,22.136,22.136,22.083,22.12,49949,1107
2014-11-25,22.136,22.171,22.111,22.162,62967,1107
2014-11-26,22.204,22.204,22.127,22.189,57062,1107
2014-11-28,22.204,22.214,22.181,22.189,7298,1107
2014-12-01,22.204,22.204,22.101,22.12,37906,1107
2014-12-02,22.144,22.204,22.083,22.083,97865,1107
2014-12-03,22.093,22.171,21.989,22.014,43378,1107
2014-12-04,21.894,21.962,21.796,21.824,74101,1107
2014-12-05,21.894,21.926,21.771,21.805,64715,1107
2014-12-08,21.796,22.127,21.735,22.023,39989,1107
2014-12-09,21.996,21.996,21.815,21.833,62335,1107
2014-12-10,21.92,21.99,21.832,21.937,68704,1107
2014-12-11,21.903,22.008,21.875,21.92,41011,1107
2014-12-12,21.927,21.927,21.804,21.804,48990,1107
2014-12-15,21.885,21.937,21.788,21.927,69131,1107
2014-12-16,21.927,21.981,21.823,21.85,68369,1107
2014-12-17,21.894,21.998,21.84,21.937,72348,1107
2014-12-18,22.016,22.227,22.008,22.201,48371,1107
2014-12-19,22.201,22.403,22.087,22.332,57548,1107
2014-12-22,22.351,22.359,22.237,22.237,33755,1107
2014-12-23,22.281,22.289,22.193,22.247,31303,1107
2014-12-24,22.21,22.271,22.139,22.149,32590,1107
2014-12-26,22.247,22.247,22.115,22.115,5779,1107
2014-12-29,22.158,22.237,22.115,22.193,61171,1107
2014-12-30,22.193,22.298,22.176,22.281,21707,1107
2014-12-31,22.308,22.44,22.247,22.255,47661,1107
2015-01-02,22.395,22.413,22.193,22.413,37223,1107
2015-01-05,22.413,22.413,22.176,22.289,42723,1107
2015-01-06,22.262,22.413,22.262,22.379,26746,1107
2015-01-07,22.422,22.501,22.359,22.465,31598,1107
2015-01-08,22.449,22.554,22.44,22.554,34590,1107
2015-01-09,22.536,22.581,22.395,22.544,24894,1107
2015-01-12,22.51,22.563,22.422,22.43,47876,1107
2015-01-13,22.501,22.51,22.379,22.403,43930,1107
2015-01-14,22.369,22.51,22.342,22.422,23848,1107
2015-01-15,22.403,22.501,22.326,22.465,32694,1107
2015-01-16,22.395,22.677,22.395,22.677,90691,1107
2015-01-20,22.642,22.677,22.536,22.59,57541,1107
2015-01-21,22.624,22.661,22.563,22.615,31480,1107
2015-01-22,22.677,22.722,22.581,22.677,68604,1107
2015-01-23,22.686,22.686,22.474,22.492,138618,1107
2015-01-26,22.563,22.624,22.536,22.581,42652,1107
2015-01-27,22.581,22.642,22.519,22.59,33645,1107
2015-01-28,22.581,22.642,22.563,22.624,38473,1107
2015-01-29,22.651,22.695,22.572,22.624,42852,1107
2015-01-30,22.642,22.748,22.572,22.572,92684,1107
2015-02-02,22.606,22.686,22.554,22.563,28755,1107
2015-02-03,22.615,22.669,22.554,22.669,38865,1107
2015-02-04,22.705,22.705,22.581,22.686,25903,1107
2015-02-05,22.695,22.705,22.554,22.606,57362,1107
2015-02-06,22.606,22.615,22.529,22.615,44501,1107
2015-02-09,22.615,22.642,22.51,22.642,49212,1107
2015-02-10,22.624,22.766,22.59,22.686,56340,1107
2015-02-11,22.695,22.722,22.599,22.712,35016,1107
2015-02-12,22.722,22.835,22.705,22.835,39603,1107
2015-02-13,22.783,22.863,22.756,22.863,29500,1107
2015-02-17,22.827,22.871,22.748,22.774,41489,1107
2015-02-18,22.739,22.756,22.519,22.606,61002,1107
2015-02-19,22.599,22.73,22.554,22.73,27127,1107
2015-02-20,22.686,22.819,22.677,22.766,26683,1107
2015-02-23,22.827,22.835,22.705,22.756,25653,1107
2015-02-24,22.722,22.844,22.722,22.801,28538,1107
2015-02-25,22.792,22.967,22.792,22.809,62842,1107
2015-02-26,22.809,22.942,22.809,22.924,48535,1107
2015-02-27,22.863,23.038,22.863,22.995,54373,1107
2015-03-02,23.013,23.047,22.924,22.96,108852,1107
2015-03-03,22.933,23.021,22.853,22.995,48693,1107
2015-03-04,22.967,23.038,22.819,22.967,267758,1107
2015-03-05,22.924,23.004,22.871,22.977,32234,1107
2015-03-06,22.915,22.942,22.642,22.695,29625,1107
2015-03-09,22.809,22.827,22.59,22.606,53687,1107
2015-03-10,22.712,22.774,22.59,22.766,34506,1107
2015-03-11,22.819,22.908,22.684,22.755,38838,1107
2015-03-12,22.801,22.845,22.711,22.765,37719,1107
2015-03-13,22.774,22.774,22.703,22.755,26303,1107
2015-03-16,22.765,22.801,22.693,22.747,35592,1107
2015-03-17,22.774,22.774,22.667,22.711,54842,1107
2015-03-18,22.73,22.916,22.667,22.827,47233,1107
2015-03-19,22.809,22.827,22.095,22.747,39285,1107
2015-03-20,22.792,22.961,22.765,22.819,71409,1107
2015-03-23,22.819,22.854,22.801,22.809,61672,1107
2015-03-24,22.809,22.864,22.783,22.845,50144,1107
2015-03-25,22.872,22.926,22.809,22.854,322461,1107
2015-03-26,22.864,22.881,22.819,22.854,38278,1107
2015-03-27,22.854,22.926,22.854,22.854,28092,1107
2015-03-30,22.935,22.961,22.854,22.953,24848,1107
2015-03-31,22.908,23.006,22.908,22.944,25182,1107
2015-04-01,22.97,23.006,22.89,22.944,31226,1107
2015-04-02,22.908,22.961,22.908,22.961,30668,1107
2015-04-06,22.997,22.997,22.819,22.836,56522,1107
2015-04-07,22.836,22.864,22.801,22.864,21095,1107
2015-04-08,22.935,22.944,22.872,22.926,52493,1107
2015-04-09,22.961,23.032,22.953,22.997,33744,1107
2015-04-10,22.97,23.032,22.916,22.979,34585,1107
2015-04-13,23.006,23.006,22.783,22.89,48913,1107
2015-04-14,22.908,22.944,22.836,22.836,22274,1107
2015-04-15,22.854,22.872,22.827,22.845,63165,1107
2015-04-16,22.872,22.872,22.711,22.721,39307,1107
2015-04-17,22.721,22.747,22.506,22.506,161063,1107
2015-04-20,22.631,22.639,22.541,22.587,69576,1107
2015-04-21,22.622,22.73,22.612,22.684,39844,1107
2015-04-22,22.684,22.827,22.667,22.783,165960,1107
2015-04-23,22.819,22.854,22.747,22.765,58313,1107
2015-04-24,22.747,22.809,22.738,22.738,26861,1107
2015-04-27,22.738,22.774,22.703,22.721,54059,1107
2015-04-28,22.73,22.783,22.703,22.711,503893,1107
2015-04-29,22.693,22.738,22.577,22.703,59544,1107
2015-04-30,22.675,22.703,22.603,22.612,132074,1107
2015-05-01,22.659,22.675,22.559,22.559,58984,1107
2015-05-04,22.639,22.675,22.525,22.525,47346,1107
2015-05-05,22.559,22.577,22.462,22.478,61784,1107
2015-05-06,22.525,22.525,22.042,22.149,97076,1107
2015-05-07,22.158,22.391,22.158,22.273,62371,1107
2015-05-08,22.372,22.515,22.354,22.381,85288,1107
2015-05-11,22.335,22.391,22.158,22.158,129611,1107
2015-05-12,22.158,22.425,22.059,22.273,153937,1107
2015-05-13,22.248,22.407,22.248,22.335,457667,1107
2015-05-14,22.425,22.488,22.372,22.462,170689,1107
2015-05-15,22.497,22.533,22.407,22.515,81729,1107
2015-05-18,22.533,22.559,22.407,22.525,73186,1107
2015-05-19,22.488,22.488,22.354,22.416,85288,1107
2015-05-20,22.434,22.478,22.398,22.478,68276,1107
2015-05-21,22.478,22.541,22.444,22.497,67715,1107
2015-05-22,22.506,22.559,22.497,22.497,66485,1107
2015-05-26,22.541,22.649,22.47,22.622,129530,1107
2015-05-27,22.596,22.649,22.596,22.649,43204,1107
2015-05-28,22.631,22.667,22.596,22.659,71352,1107
2015-05-29,22.693,22.693,22.525,22.577,92898,1107
2015-06-01,22.631,22.639,22.55,22.559,38700,1107
2015-06-02,22.515,22.587,22.453,22.525,70523,1107
2015-06-03,22.478,22.603,22.478,22.559,51486,1107
2015-06-04,22.622,22.631,22.587,22.596,36488,1107
2015-06-05,22.55,22.622,22.497,22.533,38502,1107
2015-06-08,22.533,22.631,22.533,22.587,77789,1107
2015-06-09,22.55,22.631,22.416,22.533,95492,1107
2015-06-10,22.524,22.66,22.477,22.55,74837,1107
2015-06-11,22.577,22.705,22.559,22.632,56471,1107
2015-06-12,22.604,22.705,22.604,22.65,47002,1107
2015-06-15,22.686,22.695,22.587,22.622,76460,1107
2015-06-16,22.622,22.66,22.559,22.613,50862,1107
2015-06-17,22.686,22.705,22.613,22.669,59580,1107
2015-06-18,22.695,22.695,22.559,22.559,43030,1107
2015-06-19,22.559,22.66,22.532,22.65,70061,1107
2015-06-22,22.695,22.695,22.632,22.669,32768,1107
2015-06-23,22.66,22.669,22.604,22.64,44090,1107
2015-06-24,22.65,22.75,22.64,22.75,42036,1107
2015-06-25,22.705,22.786,22.695,22.705,61124,1107
2015-06-26,22.695,22.786,22.66,22.677,81976,1107
2015-06-29,22.541,22.75,22.541,22.55,80322,1107
2015-06-30,22.65,22.65,22.487,22.487,111336,1107
2015-07-01,22.55,22.64,22.514,22.514,181386,1107
2015-07-02,22.541,22.705,22.541,22.66,33871,1107
2015-07-06,22.74,22.74,22.587,22.64,117172,1107
2015-07-07,22.622,22.705,22.622,22.66,96761,1107
2015-07-08,22.66,22.74,22.65,22.65,33100,1107
2015-07-09,22.705,22.768,22.65,22.686,56158,1107
2015-07-10,22.723,22.75,22.622,22.723,106911,1107
2015-07-13,22.732,22.859,22.695,22.821,57043,1107
2015-07-14,22.831,22.931,22.786,22.894,74547,1107
2015-07-15,22.966,23.021,22.931,23.004,78701,1107
2015-07-16,23.013,23.312,22.995,23.239,293261,1107
2015-07-17,23.239,23.321,23.175,23.321,59909,1107
2015-07-20,23.302,23.365,23.258,23.302,45014,1107
2015-07-21,23.258,23.365,23.258,23.365,43470,1107
2015-07-22,23.394,23.394,23.276,23.321,33541,1107
2015-07-23,23.293,23.293,23.203,23.221,148065,1107
2015-07-24,23.221,23.229,23.131,23.229,38505,1107
2015-07-27,23.203,23.266,23.112,23.166,59909,1107
2015-07-28,23.221,23.221,23.157,23.185,38505,1107
2015-07-29,23.258,23.276,23.149,23.175,36188,1107
2015-07-30,23.258,23.258,23.175,23.194,35306,1107
2015-07-31,23.194,23.321,23.194,23.321,25376,1107
2015-08-03,23.302,23.321,23.203,23.266,28752,1107
2015-08-04,23.258,23.348,23.221,23.312,40933,1107
2015-08-05,23.356,23.394,23.276,23.394,27032,1107
2015-08-06,23.375,23.565,23.285,23.502,83014,1107
2015-08-07,23.429,23.502,23.402,23.438,31886,1107
2015-08-10,23.448,23.511,23.302,23.502,34976,1107
2015-08-11,23.457,23.502,23.457,23.502,53128,1107
2015-08-12,23.448,23.565,23.438,23.565,52297,1107
2015-08-13,23.565,23.565,23.466,23.538,45456,1107
2015-08-14,23.475,23.483,23.339,23.466,46339,1107
2015-08-17,23.466,23.538,23.429,23.538,29679,1107
2015-08-18,23.555,23.555,23.411,23.411,35746,1107
2015-08-19,23.429,23.475,23.394,23.411,16109,1107
2015-08-20,23.394,23.475,23.394,23.419,41155,1107
2015-08-21,23.419,23.438,23.339,23.394,31114,1107
2015-08-24,23.248,23.365,22.821,22.894,102299,1107
2015-08-25,22.931,23.258,22.886,23.021,51414,1107
2015-08-26,23.112,23.339,22.958,23.339,33210,1107
2015-08-27,23.429,23.574,23.248,23.555,53180,1107
2015-08-28,23.521,23.638,23.475,23.638,39720,1107
2015-08-31,23.611,23.611,23.419,23.466,64545,1107
2015-09-01,23.302,23.565,23.302,23.511,23721,1107
2015-09-02,23.511,23.593,23.492,23.53,17765,1107
2015-09-03,23.475,23.547,23.402,23.448,33100,1107
2015-09-04,23.419,23.511,23.411,23.448,43580,1107
2015-09-08,23.555,23.555,23.339,23.402,51195,1107
2015-09-09,23.384,23.438,23.33,23.348,52297,1107
2015-09-10,23.43,23.458,23.347,23.449,41888,1107
2015-09-11,23.439,23.494,23.394,23.42,30461,1107
2015-09-14,23.458,23.467,23.338,23.338,44279,1107
2015-09-15,23.32,23.384,23.127,23.127,73979,1107
2015-09-16,23.163,23.246,23.127,23.182,30788,1107
2015-09-17,23.292,23.338,23.172,23.246,42753,1107
2015-09-18,23.265,23.439,23.265,23.439,30354,1107
2015-09-21,23.439,23.568,23.42,23.558,25893,1107
2015-09-22,23.494,23.558,23.484,23.558,28069,1107
2015-09-23,23.503,23.605,23.503,23.605,20126,1107
2015-09-24,23.577,23.614,23.568,23.568,43712,1107
2015-09-25,23.596,23.622,23.532,23.54,38622,1107
2015-09-28,23.568,23.568,23.411,23.449,38140,1107
2015-09-29,23.467,23.503,23.338,23.402,36228,1107
2015-09-30,23.467,23.54,23.411,23.439,48956,1107
2015-10-01,23.494,23.494,23.292,23.329,47433,1107
2015-10-02,23.274,23.329,23.227,23.283,42973,1107
2015-10-05,23.32,23.522,23.32,23.494,30815,1107
2015-10-06,23.449,23.54,23.439,23.449,42973,1107
2015-10-07,23.449,23.532,23.439,23.476,22411,1107
2015-10-08,23.449,23.577,23.439,23.577,21648,1107
2015-10-09,23.614,23.622,23.532,23.577,22085,1107
2015-10-12,23.632,23.651,23.532,23.549,32056,1107
2015-10-13,23.587,23.661,23.503,23.661,47323,1107
2015-10-14,23.669,23.789,23.642,23.715,61032,1107
2015-10-15,23.734,24.083,23.622,23.982,61576,1107
2015-10-16,23.982,24.138,23.945,24.12,166670,1107
2015-10-19,24.083,24.12,24.026,24.074,68430,1107
2015-10-20,24.046,24.1,24.046,24.091,25102,1107
2015-10-21,24.046,24.129,24.018,24.074,46999,1107
2015-10-22,24.065,24.129,24.056,24.12,55701,1107
2015-10-23,24.129,24.229,24.091,24.11,49066,1107
2015-10-26,24.11,24.11,23.991,24.1,48522,1107
2015-10-27,24.091,24.11,24.01,24.036,21214,1107
2015-10-28,24.046,24.1,24.026,24.083,37317,1107
2015-10-29,24.026,24.11,24.018,24.1,38838,1107
2015-10-30,24.065,24.147,23.972,23.982,54286,1107
2015-11-02,23.908,24.184,23.881,24.129,39277,1107
2015-11-03,24.138,24.332,24.083,24.248,27850,1107
2015-11-04,24.238,24.258,24.056,24.229,47293,1107
2015-11-05,24.184,24.302,24.184,24.258,45800,1107
2015-11-06,24.12,24.229,23.908,24.001,42864,1107
2015-11-09,24.01,24.083,23.815,24.083,22669,1107
2015-11-10,23.962,24.229,23.962,24.138,25893,1107
2015-11-11,24.11,24.267,24.11,24.238,23499,1107
2015-11-12,24.11,24.174,24.001,24.091,52111,1107
2015-11-13,24.091,24.138,24.036,24.11,31658,1107
2015-11-16,24.091,24.11,24.074,24.091,17299,1107
2015-11-17,24.074,24.074,23.402,23.972,43300,1107
2015-11-18,23.972,24.056,23.953,23.972,29156,1107
2015-11-19,23.972,24.001,23.844,23.972,54724,1107
2015-11-20,23.853,23.953,23.807,23.918,40688,1107
2015-11-23,23.898,23.972,23.76,23.888,94866,1107
2015-11-24,23.888,23.908,23.715,23.78,61032,1107
2015-11-25,23.834,23.834,23.743,23.76,57442,1107
2015-11-27,23.824,23.844,23.76,23.815,13381,1107
2015-11-30,23.815,23.898,23.815,23.834,61467,1107
2015-12-01,23.888,24.001,23.834,23.953,32350,1107
2015-12-02,23.927,23.991,23.888,23.918,27350,1107
2015-12-03,23.898,23.972,23.872,23.927,40920,1107
2015-12-04,23.888,24.018,23.888,23.991,33183,1107
2015-12-07,23.927,23.945,23.853,23.945,26544,1107
2015-12-08,23.881,23.953,23.881,23.945,34123,1107
2015-12-09,23.898,23.936,23.807,23.807,80398,1107
2015-12-10,23.899,23.899,23.759,23.779,49887,1107
2015-12-11,23.769,23.788,23.639,23.667,40017,1107
2015-12-14,23.684,23.723,23.079,23.126,97590,1107
2015-12-15,23.163,23.536,23.163,23.34,78209,1107
2015-12-16,23.405,23.573,23.312,23.564,45380,1107
2015-12-17,23.573,23.694,23.518,23.583,40338,1107
2015-12-18,23.658,23.676,23.573,23.619,47311,1107
2015-12-21,23.564,23.806,23.564,23.798,44736,1107
2015-12-22,23.769,23.779,23.723,23.759,68406,1107
2015-12-23,23.769,23.806,23.741,23.769,34546,1107
2015-12-24,23.741,23.899,23.741,23.844,29158,1107
2015-12-28,23.872,23.909,23.791,23.899,35499,1107
2015-12-29,23.954,24.049,23.895,24.012,36110,1107
2015-12-30,23.964,24.217,23.952,24.16,37899,1107
2015-12-31,24.114,24.189,24.094,24.152,18605,1107
2016-01-04,24.077,24.094,23.954,24.094,75140,1107
2016-01-05,24.029,24.282,24.029,24.225,49721,1107
2016-01-06,24.068,24.216,23.993,24.142,39642,1107
2016-01-07,23.928,24.104,23.91,24.02,20677,1107
2016-01-08,24.029,24.059,24.002,24.049,30112,1107
2016-01-11,24.002,24.068,23.919,23.964,40367,1107
2016-01-12,24.068,24.068,23.881,23.974,49491,1107
2016-01-13,23.946,23.974,23.723,23.723,61896,1107
2016-01-14,23.749,23.881,23.684,23.853,24217,1107
2016-01-15,23.658,23.863,23.658,23.853,37853,1107
2016-01-19,24.002,24.673,23.815,23.881,30253,1107
2016-01-20,23.749,23.863,23.648,23.798,81655,1107
2016-01-21,23.834,23.872,23.733,23.853,57867,1107
2016-01-22,23.853,23.928,23.853,23.889,63198,1107
2016-01-25,23.881,23.919,23.788,23.863,49921,1107
2016-01-26,23.863,23.909,23.834,23.834,23784,1107
2016-01-27,23.759,23.889,23.759,23.863,35753,1107
2016-01-28,23.984,23.984,23.815,23.946,71957,1107
2016-01-29,23.881,23.993,23.881,23.954,43804,1107
2016-02-01,23.853,23.974,23.853,23.974,50409,1107
2016-02-02,23.749,23.993,23.749,23.993,56614,1107
2016-02-03,23.964,23.993,23.919,23.964,28901,1107
2016-02-04,23.964,24.002,23.919,23.993,27721,1107
2016-02-05,23.889,24.047,23.889,23.946,38458,1107
2016-02-08,23.946,23.946,23.583,23.824,54928,1107
2016-02-09,23.658,23.806,23.489,23.592,61821,1107
2016-02-10,23.592,23.909,23.592,23.741,19576,1107
2016-02-11,23.619,23.704,23.163,23.303,84218,1107
2016-02-12,23.228,23.536,23.172,23.359,77753,1107
2016-02-16,23.414,23.573,23.405,23.527,51517,1107
2016-02-17,23.592,23.946,23.592,23.872,41863,1107
2016-02-18,23.937,23.937,23.629,23.881,47117,1107
2016-02-19,23.684,23.853,23.667,23.834,79917,1107
2016-02-22,23.984,23.984,23.749,23.889,38322,1107
2016-02-23,23.815,24.012,23.815,24.012,62277,1107
2016-02-24,23.815,23.984,23.815,23.984,64913,1107
2016-02-25,23.984,24.039,23.98,24.039,55371,1107
2016-02-26,24.012,24.066,24.012,24.049,23948,1107
2016-02-29,24.02,24.169,24.02,24.049,90029,1107
2016-03-01,24.068,24.189,24.068,24.114,105252,1107
2016-03-02,24.114,24.211,24.049,24.133,38662,1107
2016-03-03,24.133,24.133,24.059,24.104,55292,1107
2016-03-04,24.114,24.133,24.086,24.124,42925,1107
2016-03-07,24.225,24.234,24.16,24.217,77987,1107
2016-03-08,24.104,24.225,24.104,24.225,32761,1107
2016-03-09,24.244,24.309,24.225,24.282,44831,1107
2016-03-10,24.404,24.423,24.3,24.3,83415,1107
2016-03-11,24.508,24.508,24.319,24.385,90753,1107
2016-03-14,24.385,24.479,24.337,24.47,28653,1107
2016-03-15,24.433,24.537,24.395,24.395,73664,1107
2016-03-16,24.395,24.461,24.385,24.461,47830,1107
2016-03-17,24.423,24.489,24.367,24.489,67844,1107
2016-03-18,24.451,24.574,24.433,24.574,30267,1107
2016-03-21,24.574,24.574,24.544,24.555,21856,1107
2016-03-22,24.565,24.574,24.499,24.574,44878,1107
2016-03-23,24.593,24.621,24.537,24.574,25584,1107
2016-03-24,24.489,24.583,24.489,24.574,51416,1107
2016-03-28,24.612,24.747,24.489,24.659,48973,1107
2016-03-29,24.669,24.783,24.612,24.715,52090,1107
2016-03-30,24.687,24.763,24.603,24.697,36344,1107
2016-03-31,24.715,24.725,24.631,24.631,52510,1107
2016-04-01,24.583,24.641,24.461,24.508,68069,1107
2016-04-04,24.451,24.517,24.3,24.413,28942,1107
2016-04-05,24.329,24.508,24.329,24.441,31012,1107
2016-04-06,24.413,24.555,24.375,24.545,56702,1107
2016-04-07,24.508,24.517,24.357,24.441,89758,1107
2016-04-08,24.508,24.574,24.423,24.555,42345,1107
2016-04-11,24.631,24.735,24.537,24.735,35641,1107
2016-04-12,24.669,24.82,24.669,24.783,44429,1107
2016-04-13,24.725,24.783,24.707,24.773,39434,1107
2016-04-14,24.735,24.763,24.707,24.753,31965,1107
2016-04-15,24.687,24.744,24.631,24.631,98859,1107
2016-04-18,24.669,24.715,24.593,24.697,26912,1107
2016-04-19,24.649,24.744,24.649,24.744,40433,1107
2016-04-20,24.678,24.801,24.678,24.801,36891,1107
2016-04-21,24.801,24.905,24.744,24.867,33037,1107
2016-04-22,24.801,24.971,24.801,24.933,45140,1107
2016-04-25,24.867,24.895,24.744,24.791,34708,1107
2016-04-26,24.829,24.915,24.81,24.81,25691,1107
2016-04-27,24.81,25.037,24.81,25.027,27337,1107
2016-04-28,24.886,25.008,24.886,24.886,41931,1107
2016-04-29,24.886,24.999,24.867,24.867,43724,1107
2016-05-02,24.961,25.132,24.876,25.084,31092,1107
2016-05-03,24.991,25.074,24.924,24.952,70239,1107
2016-05-04,24.952,25.178,24.952,25.008,24425,1107
2016-05-05,25.008,25.185,24.821,24.952,53651,1107
2016-05-06,24.857,25.179,24.857,25.047,35315,1107
2016-05-09,24.952,25.099,24.905,24.933,29852,1107
2016-05-10,24.905,25.074,24.886,24.886,62976,1107
2016-05-11,24.886,24.981,24.867,24.905,37036,1107
2016-05-12,24.905,24.999,24.905,24.971,70676,1107
2016-05-13,24.991,24.991,24.882,24.895,45339,1107
2016-05-16,24.895,25.008,24.876,24.924,47137,1107
2016-05-17,24.905,24.952,24.905,24.915,27173,1107
2016-05-18,24.991,25.189,24.896,25.037,36933,1107
2016-05-19,24.905,25.037,24.791,24.857,33453,1107
2016-05-20,24.82,24.991,24.81,24.895,44319,1107
2016-05-23,24.857,25.018,24.847,24.991,39298,1107
2016-05-24,24.971,25.028,24.881,24.915,32530,1107
2016-05-25,24.849,25.018,24.669,24.791,51471,1107
2016-05-26,24.735,24.783,24.707,24.735,52709,1107
2016-05-27,24.715,24.81,24.708,24.801,50018,1107
2016-05-31,24.763,24.933,24.735,24.933,41747,1107
2016-06-01,24.829,24.999,24.829,24.999,31212,1107
2016-06-02,24.952,25.018,24.81,25.018,58394,1107
2016-06-03,24.905,25.282,24.886,25.255,69786,1107
2016-06-06,25.103,25.377,24.971,25.113,72994,1107
2016-06-07,25.047,25.189,25.047,25.113,25734,1107
2016-06-08,24.991,25.113,24.981,25.028,42819,1107
2016-06-09,24.981,25.084,24.915,24.952,58158,1107
2016-06-10,24.971,25.038,24.932,24.932,69734,1107
2016-06-13,24.847,24.961,24.847,24.904,26189,1107
2016-06-14,24.884,24.914,24.865,24.894,28618,1107
2016-06-15,24.847,24.981,24.847,24.981,31009,1107
2016-06-16,24.914,24.981,24.874,24.924,84652,1107
2016-06-17,24.865,25.095,24.817,24.961,54115,1107
2016-06-20,24.981,25.192,24.981,25.038,224114,1107
2016-06-21,25.058,25.152,25.048,25.115,31098,1107
2016-06-22,25.066,25.182,25.066,25.075,54238,1107
2016-06-23,25.058,25.182,25.058,25.172,35258,1107
2016-06-24,24.817,25.229,24.817,25.105,59173,1107
2016-06-27,24.981,25.202,24.954,25.085,113372,1107
2016-06-28,25.028,25.269,25.028,25.202,52287,1107
2016-06-29,25.152,25.44,25.152,25.259,77938,1107
2016-06-30,25.259,25.44,25.198,25.344,155971,1107
2016-07-01,25.276,25.44,25.209,25.306,74401,1107
2016-07-05,25.229,25.259,24.971,25.008,53622,1107
2016-07-06,24.999,25.132,24.971,25.008,31819,1107
2016-07-07,24.999,25.276,24.995,25.239,37387,1107
2016-07-08,25.172,25.344,25.143,25.259,62403,1107
2016-07-11,25.269,25.353,25.192,25.219,47908,1107
2016-07-12,25.202,25.344,25.172,25.344,481438,1107
2016-07-13,25.363,25.411,25.269,25.363,81352,1107
2016-07-14,25.286,25.373,25.229,25.306,44250,1107
2016-07-15,25.249,25.641,25.21,25.537,147351,1107
2016-07-18,25.46,25.564,25.421,25.564,51922,1107
2016-07-19,25.45,25.564,25.449,25.564,64616,1107
2016-07-20,25.507,25.527,25.354,25.517,88666,1107
2016-07-21,25.45,25.555,25.45,25.555,31746,1107
2016-07-22,25.44,25.527,25.43,25.517,35572,1107
2016-07-25,25.45,25.515,25.45,25.507,28016,1107
2016-07-26,25.497,25.555,25.353,25.411,92319,1107
2016-07-27,25.363,25.393,25.269,25.306,43667,1107
2016-07-28,25.269,25.316,25.24,25.296,48451,1107
2016-07-29,25.249,25.383,25.236,25.276,77502,1107
2016-08-01,25.249,25.286,25.134,25.209,44749,1107
2016-08-02,25.162,25.202,25.085,25.202,147750,1107
2016-08-03,25.134,25.239,25.134,25.209,34161,1107
2016-08-04,25.239,25.286,25.173,25.276,47217,1107
2016-08-05,25.229,25.383,25.229,25.336,37316,1107
2016-08-08,25.259,25.833,25.259,25.604,162461,1107
2016-08-09,25.574,25.68,25.393,25.42,95716,1107
2016-08-10,25.44,25.698,25.353,25.44,94551,1107
2016-08-11,25.326,25.44,25.286,25.353,69409,1107
2016-08-12,25.316,25.411,25.219,25.219,39781,1107
2016-08-15,25.219,25.296,25.115,25.152,52773,1107
2016-08-16,25.125,25.142,25.072,25.095,28837,1107
2016-08-17,25.115,25.286,25.058,25.286,57729,1107
2016-08-18,25.209,25.209,25.038,25.125,168320,1107
2016-08-19,25.095,25.125,25.028,25.075,27781,1107
2016-08-22,25.095,25.095,25.008,25.075,180787,1107
2016-08-23,25.105,25.152,25.105,25.152,46261,1107
2016-08-24,25.115,25.182,25.115,25.152,27490,1107
2016-08-25,25.134,25.182,25.058,25.152,71771,1107
2016-08-26,25.125,25.202,25.125,25.192,49915,1107
2016-08-29,25.152,25.202,25.142,25.202,73043,1107
2016-08-30,25.182,25.249,25.172,25.202,62303,1107
2016-08-31,25.192,25.276,25.162,25.172,113760,1107
2016-09-01,25.192,25.228,25.066,25.172,65594,1107
2016-09-02,25.172,25.192,25.134,25.182,29593,1107
2016-09-06,25.182,25.182,25.105,25.172,157413,1107
2016-09-07,25.182,25.219,25.142,25.219,56012,1107
2016-09-08,25.219,25.276,25.202,25.249,79282,1107
2016-09-09,25.249,25.249,25.008,25.095,99021,1107
2016-09-12,24.75,24.78,24.673,24.77,61881,1107
2016-09-13,24.77,24.77,24.606,24.664,40307,1107
2016-09-14,24.673,24.683,24.616,24.683,35746,1107
2016-09-15,24.626,24.75,24.626,24.74,81872,1107
2016-09-16,24.75,24.75,24.577,24.636,56394,1107
2016-09-19,24.673,24.77,24.645,24.703,72241,1107
2016-09-20,24.721,24.77,24.693,24.77,50602,1107
2016-09-21,24.77,24.874,24.721,24.847,44013,1107
2016-09-22,24.894,25.075,24.894,24.981,44171,1107
2016-09-23,24.951,25.152,24.875,25.134,32384,1107
2016-09-26,25.125,25.152,25.048,25.142,31132,1107
2016-09-27,25.142,25.192,25.058,25.142,45914,1107
2016-09-28,25.095,25.152,25.048,25.142,31273,1107
2016-09-29,25.066,25.202,24.855,24.855,43993,1107
2016-09-30,24.847,24.941,24.703,24.703,44496,1107
2016-10-03,24.713,24.788,24.703,24.721,32760,1107
2016-10-04,24.683,24.807,24.683,24.683,31881,1107
2016-10-05,24.693,24.807,24.693,24.77,18836,1107
2016-10-06,24.77,24.807,24.714,24.807,25748,1107
2016-10-07,24.74,24.894,24.731,24.817,18221,1107
2016-10-10,24.827,24.874,24.721,24.76,30414,1107
2016-10-11,24.731,24.74,24.645,24.683,32506,1107
2016-10-12,24.683,24.694,24.597,24.683,20999,1107
2016-10-13,24.683,24.683,24.53,24.597,42841,1107
2016-10-14,24.597,24.673,24.577,24.597,26351,1107
2016-10-17,24.597,24.673,24.597,24.664,25425,1107
2016-10-18,24.645,24.904,24.645,24.865,37023,1107
2016-10-19,24.932,24.951,24.721,24.76,38142,1107
2016-10-20,24.76,24.961,24.713,24.932,45663,1107
2016-10-21,24.924,25.229,24.883,25.229,873062,1107
2016-10-24,25.105,25.172,25.063,25.095,40281,1107
2016-10-25,25.066,25.172,25.066,25.105,38458,1107
2016-10-26,25.075,25.105,25.008,25.085,20036,1107
2016-10-27,25.028,25.085,24.924,25.048,21608,1107
2016-10-28,24.991,25.051,24.837,24.847,27905,1107
2016-10-31,24.847,24.914,24.798,24.798,26523,1107
2016-11-01,24.847,24.876,24.755,24.817,24479,1107
2016-11-02,24.77,24.855,24.577,24.587,48994,1107
2016-11-03,24.606,24.606,24.338,24.415,86741,1107
2016-11-04,24.386,24.51,24.376,24.463,24103,1107
2016-11-07,24.559,24.577,24.434,24.51,23280,1107
2016-11-08,24.53,24.53,24.453,24.492,46710,1107
2016-11-09,24.262,24.415,24.156,24.3,53465,1107
2016-11-10,24.3,24.3,23.716,24.051,1051510,1107
2016-11-11,24.051,24.055,23.83,24.013,60818,1107
2016-11-14,23.974,23.974,23.475,23.572,188023,1107
2016-11-15,23.629,24.08,23.629,24.07,116275,1107
2016-11-16,24.061,24.185,24.061,24.118,58685,1107
2016-11-17,24.003,24.106,23.897,23.954,56473,1107
2016-11-18,23.945,24.013,23.592,23.649,86567,1107
2016-11-21,23.706,23.887,23.686,23.783,49398,1107
2016-11-22,23.811,24.003,23.783,23.994,93399,1107
2016-11-23,23.936,23.954,23.811,23.887,46914,1107
2016-11-25,23.907,24.003,23.86,24.003,19364,1107
2016-11-28,24.013,24.089,23.887,24.003,53011,1107
2016-11-29,24.003,24.041,23.954,24.003,32297,1107
2016-11-30,23.907,23.935,23.696,23.783,47374,1107
2016-12-01,23.84,23.84,23.659,23.773,65483,1107
2016-12-02,23.753,23.936,23.753,23.897,54713,1107
2016-12-05,23.878,23.907,23.811,23.83,43752,1107
2016-12-06,23.878,23.936,23.86,23.86,44126,1107
2016-12-07,23.917,24.031,23.897,23.917,37767,1107
2016-12-08,23.984,24.089,23.897,23.907,42783,1107
2016-12-09,23.917,23.984,23.86,23.907,52419,1107
2016-12-12,23.524,23.609,23.246,23.323,80050,1107
2016-12-13,23.332,23.448,23.284,23.304,46975,1107
2016-12-14,23.284,23.371,23.189,23.207,88882,1107
2016-12-15,23.198,23.198,22.949,23.006,96597,1107
2016-12-16,23.045,23.247,23.016,23.237,127252,1107
2016-12-19,23.284,23.366,23.101,23.274,60429,1107
2016-12-20,23.274,23.39,23.095,23.237,81720,1107
2016-12-21,23.294,23.629,23.265,23.592,51084,1107
2016-12-22,23.659,23.753,23.619,23.649,45767,1107
2016-12-23,23.572,23.665,23.572,23.629,29882,1107
2016-12-27,23.619,23.753,23.503,23.649,88460,1107
2016-12-28,23.629,23.629,23.505,23.533,42199,1107
2016-12-29,23.524,23.639,23.256,23.294,58368,1107
2016-12-30,23.313,23.36,23.256,23.313,53252,1107
2017-01-03,23.323,23.667,23.313,23.562,43084,1107
2017-01-04,23.667,23.945,23.659,23.897,39907,1107
2017-01-05,23.887,23.994,23.619,23.783,62597,1107
2017-01-06,23.763,23.954,23.763,23.954,22230,1107
2017-01-09,23.954,24.214,23.82,23.907,45269,1107
2017-01-10,24.013,24.08,23.869,23.964,55867,1107
2017-01-11,24.003,24.185,23.984,24.147,46010,1107
2017-01-12,24.118,24.185,23.927,23.994,53610,1107
2017-01-13,23.994,24.118,23.984,24.051,58091,1107
2017-01-17,24.098,24.232,24.013,24.108,49745,1107
2017-01-18,24.031,24.083,23.934,23.964,58497,1107
2017-01-19,23.954,23.954,23.495,23.505,84071,1107
2017-01-20,23.619,23.84,23.438,23.438,130756,1107
2017-01-23,23.619,23.945,23.592,23.793,51703,1107
2017-01-24,23.907,24.061,23.84,23.964,48057,1107
2017-01-25,23.927,23.974,23.83,23.917,35961,1107
2017-01-26,23.897,24.118,23.84,24.061,39453,1107
2017-01-27,24.013,24.204,24.009,24.08,40061,1107
2017-01-30,24.08,24.291,23.964,24.156,46649,1107
2017-01-31,24.147,24.195,24.089,24.185,36230,1107
2017-02-01,24.118,24.221,24.089,24.156,29616,1107
2017-02-02,24.156,24.291,24.147,24.165,38616,1107
2017-02-03,24.232,24.358,24.153,24.232,21061,1107
2017-02-06,24.242,24.348,24.176,24.281,23947,1107
2017-02-07,24.242,24.319,24.242,24.271,21181,1107
2017-02-08,24.242,24.434,24.242,24.415,28962,1107
2017-02-09,24.396,24.415,24.3,24.3,27745,1107
2017-02-10,24.281,24.396,24.262,24.309,19838,1107
2017-02-13,24.329,24.376,24.281,24.3,20552,1107
2017-02-14,24.291,24.376,24.165,24.329,33168,1107
2017-02-15,24.291,24.415,24.242,24.367,51737,1107
2017-02-16,24.415,24.415,24.309,24.415,25713,1107
2017-02-17,24.405,24.405,24.223,24.252,46526,1107
2017-02-21,24.232,24.305,24.195,24.195,36439,1107
2017-02-22,24.232,24.291,24.172,24.175,31379,1107
2017-02-23,24.232,24.281,24.165,24.242,38544,1107
2017-02-24,24.204,24.309,24.204,24.281,47166,1107
2017-02-27,24.195,24.425,24.185,24.195,41341,1107
2017-02-28,24.252,24.319,24.147,24.319,17954,1107
2017-03-01,24.165,24.262,24.061,24.251,27372,1107
2017-03-02,24.165,24.329,24.165,24.232,38637,1107
2017-03-03,24.185,24.376,24.185,24.358,16159,1107
2017-03-06,24.281,24.492,24.242,24.492,26817,1107
2017-03-07,24.367,24.425,24.319,24.415,27433,1107
2017-03-08,24.367,24.367,24.173,24.175,51978,1107
2017-03-09,24.147,24.214,23.907,24.061,60418,1107
2017-03-10,24.118,24.254,24.06,24.157,55505,1107
2017-03-13,24.216,24.216,24.021,24.06,63266,1107
2017-03-14,24.157,24.342,24.06,24.302,97405,1107
2017-03-15,24.322,24.4,24.312,24.39,49017,1107
2017-03-16,24.362,24.448,24.352,24.4,65082,1107
2017-03-17,24.41,24.436,24.37,24.39,45545,1107
2017-03-20,24.37,24.448,24.37,24.43,57231,1107
2017-03-21,24.4,24.468,24.352,24.39,34594,1107
2017-03-22,24.37,24.448,24.37,24.38,39921,1107
2017-03-23,24.42,24.448,24.37,24.4,40670,1107
2017-03-24,24.41,24.478,24.39,24.438,61196,1107
2017-03-27,24.468,24.468,24.362,24.41,31381,1107
2017-03-28,24.39,24.448,24.39,24.445,35739,1107
2017-03-29,24.43,24.478,24.42,24.448,61468,1107
2017-03-30,24.448,24.488,24.438,24.438,54989,1107
2017-03-31,24.448,24.556,24.43,24.546,60985,1107
2017-04-03,24.498,24.634,24.498,24.614,73433,1107
2017-04-04,24.604,24.604,24.488,24.578,31463,1107
2017-04-05,24.566,24.662,24.507,24.526,49068,1107
2017-04-06,24.498,24.594,24.488,24.594,40385,1107
2017-04-07,24.546,24.594,24.487,24.507,21951,1107
2017-04-10,24.507,24.634,24.507,24.624,90818,1107
2017-04-11,24.575,24.634,24.536,24.624,54374,1107
2017-04-12,24.624,24.672,24.575,24.672,33502,1107
2017-04-13,24.652,24.712,24.566,24.712,24383,1107
2017-04-17,24.672,24.712,24.644,24.712,26282,1107
2017-04-18,24.712,24.73,24.644,24.707,33648,1107
2017-04-19,24.73,24.73,24.615,24.66,26664,1107
2017-04-20,24.702,24.712,24.652,24.692,20859,1107
2017-04-21,24.662,24.77,24.662,24.77,33877,1107
2017-04-24,24.712,24.788,24.663,24.788,19799,1107
2017-04-25,24.828,24.886,24.702,24.75,32187,1107
2017-04-26,24.72,24.798,24.682,24.702,32857,1107
2017-04-27,24.672,24.798,24.672,24.77,26562,1107
2017-04-28,24.76,24.788,24.672,24.75,25097,1107
2017-05-01,24.692,24.78,24.662,24.78,37797,1107
2017-05-02,24.75,24.788,24.702,24.78,25864,1107
2017-05-03,24.72,24.876,24.682,24.876,43843,1107
2017-05-04,24.798,24.848,24.652,24.672,25281,1107
2017-05-05,24.644,24.711,24.58,24.692,21956,1107
2017-05-08,24.662,24.856,24.614,24.856,22291,1107
2017-05-09,24.74,24.856,24.73,24.848,40517,1107
2017-05-10,24.828,24.847,24.74,24.802,25214,1107
2017-05-11,24.788,24.798,24.741,24.798,21073,1107
2017-05-12,24.828,24.828,24.75,24.788,30879,1107
2017-05-15,24.76,24.876,24.76,24.788,15094,1107
2017-05-16,24.76,24.876,24.76,24.856,23276,1107
2017-05-17,24.788,24.828,24.702,24.73,27016,1107
2017-05-18,24.72,24.76,24.692,24.692,35880,1107
2017-05-19,24.692,24.76,24.614,24.644,41903,1107
2017-05-22,24.702,24.74,24.644,24.74,22020,1107
2017-05-23,24.692,24.838,24.692,24.798,26186,1107
2017-05-24,24.78,24.876,24.77,24.856,19967,1107
2017-05-25,24.788,24.876,24.788,24.856,18206,1107
2017-05-26,24.798,24.886,24.798,24.856,21936,1107
2017-05-30,24.798,24.934,24.702,24.74,56194,1107
2017-05-31,24.75,24.803,24.72,24.74,40288,1107
2017-06-01,24.78,24.838,24.77,24.828,25421,1107
2017-06-02,24.838,24.916,24.818,24.906,18278,1107
2017-06-05,24.818,24.934,24.818,24.924,13371,1107
2017-06-06,24.924,24.974,24.871,24.944,28533,1107
2017-06-07,24.886,24.962,24.886,24.954,18607,1107
2017-06-08,24.916,24.954,24.848,24.924,31304,1107
2017-06-09,24.984,24.984,24.886,24.916,29845,1107
2017-06-12,24.944,24.994,24.847,24.973,23967,1107
2017-06-13,24.905,24.994,24.895,24.984,21959,1107
2017-06-14,24.964,25.033,24.905,24.934,40068,1107
2017-06-15,24.994,24.994,24.905,24.915,39195,1107
2017-06-16,24.944,24.983,24.905,24.944,45265,1107
2017-06-19,24.984,24.984,24.895,24.934,25653,1107
2017-06-20,24.974,24.984,24.905,24.915,23317,1107
2017-06-21,24.974,24.994,24.924,24.954,24757,1107
2017-06-22,24.944,24.994,24.924,24.979,24908,1107
2017-06-23,24.994,25.043,24.948,25.043,12816,1107
2017-06-26,25.043,25.112,25.013,25.102,21994,1107
2017-06-27,25.112,25.201,25.072,25.186,30069,1107
2017-06-28,25.141,25.26,25.141,25.25,19968,1107
2017-06-29,25.191,25.21,25.191,25.209,25038,1107
2017-06-30,25.171,25.21,25.102,25.21,30079,1107
2017-07-03,25.122,25.24,25.122,25.23,5592,1107
2017-07-05,25.171,25.634,25.151,25.496,49693,1107
2017-07-06,25.437,25.634,25.427,25.486,66016,1107
2017-07-07,25.486,25.634,25.467,25.634,24300,1107
2017-07-10,25.634,25.634,25.506,25.506,26549,1107
2017-07-11,25.348,25.427,25.348,25.388,21890,1107
2017-07-12,25.388,25.449,25.151,25.161,117667,1107
2017-07-13,25.21,25.289,25.171,25.181,27612,1107
2017-07-14,25.151,25.24,25.151,25.171,22910,1107
2017-07-17,25.171,25.207,25.053,25.053,57237,1107
2017-07-18,25.122,25.122,25.003,25.003,41856,1107
2017-07-19,25.082,25.171,24.984,24.984,55818,1107
2017-07-20,25.023,25.082,24.984,25.082,58620,1107
2017-07-21,25.092,25.21,24.944,25.21,113065,1107
2017-07-24,25.063,25.229,25.014,25.22,22980,1107
2017-07-25,25.22,25.22,25.082,25.22,21649,1107
2017-07-26,25.21,25.22,25.072,25.201,16898,1107
2017-07-27,25.151,25.201,25.014,25.171,25356,1107
2017-07-28,25.141,25.171,25.081,25.171,9672,1107
2017-07-31,25.132,25.181,25.092,25.102,15020,1107
2017-08-01,25.102,25.24,25.072,25.102,63537,1107
2017-08-02,25.092,25.181,24.984,25.023,160523,1107
2017-08-03,25.023,25.082,25.003,25.082,14536,1107
2017-08-04,25.063,25.082,25.063,25.082,19714,1107
2017-08-07,25.082,25.092,25.043,25.092,27607,1107
2017-08-08,25.053,25.092,25.053,25.092,8501,1107
2017-08-09,25.092,25.092,25.023,25.023,12210,1107
2017-08-10,25.023,25.023,24.915,24.974,34199,1107
2017-08-11,24.934,24.984,24.885,24.915,34575,1107
2017-08-14,24.944,25.053,24.944,24.994,9590,1107
2017-08-15,24.974,25.033,24.974,25.023,14853,1107
2017-08-16,24.974,25.053,24.974,25.043,23305,1107
2017-08-17,25.053,25.053,24.984,25.033,18257,1107
2017-08-18,24.984,25.063,24.984,24.992,12501,1107
2017-08-21,24.984,25.02,24.944,24.995,21765,1107
2017-08-22,25.003,25.003,24.944,24.994,35285,1107
2017-08-23,24.974,25.23,24.974,25.003,22070,1107
2017-08-24,25.053,25.072,25.01,25.033,18085,1107
2017-08-25,25.028,25.063,25.008,25.063,18108,1107
2017-08-28,25.033,25.092,24.997,25.092,37598,1107
2017-08-29,25.003,25.102,25.003,25.102,23371,1107
2017-08-30,25.072,25.117,25.063,25.092,53839,1107
2017-08-31,25.092,25.122,25.072,25.092,37139,1107
2017-09-01,25.092,25.161,25.082,25.141,146339,1107
2017-09-05,25.102,25.201,25.102,25.165,17945,1107
2017-09-06,25.132,25.25,25.123,25.25,26246,1107
2017-09-07,25.25,25.26,25.171,25.2,15183,1107
2017-09-08,25.161,25.176,25.122,25.161,16114,1107
2017-09-11,25.191,25.24,25.151,25.22,11526,1107
2017-09-12,25.24,25.27,25.191,25.24,14682,1107
2017-09-13,25.28,25.38,25.28,25.36,34625,1107
2017-09-14,25.31,25.4,25.31,25.35,30712,1107
2017-09-15,25.4,25.43,25.35,25.4199,52461,1107
2017-09-18,25.36,25.4366,25.36,25.42,26989,1107
2017-09-19,25.43,25.43,25.37,25.4,17141,1107
2017-09-20,25.36,25.41,25.34,25.389,96404,1107
2017-09-21,25.35,25.41,25.34,25.34,28070,1107
2017-09-22,25.33,25.38,25.32,25.34,29788,1107
2017-09-25,25.32,25.3704,25.31,25.33,28078,1107
2017-09-26,25.33,25.41,25.31,25.3835,33572,1107
2017-09-27,25.4,25.43,25.37,25.37,66959,1107
2017-09-28,25.35,25.38,25.35,25.37,52889,1107
2017-09-29,25.38,25.44,25.3,25.44,100878,1107
2017-10-02,25.46,25.46,25.3,25.36,27195,1107
2017-10-03,25.33,25.37,25.33,25.35,23465,1107
2017-10-04,25.35,25.3845,25.18,25.22,73284,1107
2017-10-05,25.2408,25.29,25.22,25.22,41296,1107
2017-10-06,25.24,25.24,25.13,25.2,75768,1107
2017-10-09,25.239,25.24,25.2,25.21,14289,1107
2017-10-10,25.2,25.2579,25.17,25.23,21614,1107
2017-10-11,25.21,25.28,25.21,25.28,21384,1107
2017-10-12,25.24,25.3,25.24,25.26,22211,1107
2017-10-13,25.31,25.36,25.26,25.27,24489,1107
2017-10-16,25.28,25.35,25.27,25.3,20795,1107
2017-10-17,25.325,25.325,25.26,25.28,16434,1107
2017-10-18,25.35,25.35,25.26,25.34,17926,1107
2017-10-19,25.26,25.37,25.26,25.35,21395,1107
2017-10-20,25.34,25.42,25.2849,25.42,59883,1107
2017-10-23,25.42,25.42,25.33,25.36,58982,1107
2017-10-24,25.33,25.41,25.3,25.41,24210,1107
2017-10-25,25.31,25.34,25.26,25.2847,107074,1107
2017-10-26,25.38,25.3854,25.26,25.37,68887,1107
2017-10-27,25.3624,25.39,25.35,25.38,25858,1107
2017-10-30,25.369,25.38,25.28,25.32,20050,1107
2017-10-31,25.29,25.4,25.29,25.38,23638,1107
2017-11-01,25.28,25.389,25.28,25.3362,21992,1107
2017-11-02,25.32,25.32,25.281,25.31,16481,1107
2017-11-03,25.29,25.3899,25.29,25.35,17107,1107
2017-11-06,25.35,25.3705,25.3,25.31,26766,1107
2017-11-07,25.29,25.34,25.29,25.3341,43458,1107
2017-11-08,25.31,25.3452,25.29,25.3193,16989,1107
2017-11-09,25.37,25.37,25.31,25.3224,18207,1107
2017-11-10,25.32,25.39,25.32,25.36,20462,1107
