Date,Open,High,Low,Close,Volume,stock_id
2015-10-01,50.749,55.929,48.999,49.349,183232,3828
2015-10-02,48.299,49.839,47.739,49.279,22629,3828
2015-10-05,49.349,50.675,48.649,48.999,16035,3828
2015-10-06,49.069,49.349,48.649,49.139,8814,3828
2015-10-07,49.139,50.679,43.959,45.009,5800,3828
2015-10-08,45.639,47.249,40.179,43.609,4286,3828
2015-10-09,44.449,44.449,42.139,43.049,1029,3828
2015-10-12,42.769,47.389,42.769,45.219,1392,3828
2015-10-13,44.519,46.899,44.029,44.099,929,3828
2015-10-14,45.149,46.619,42.979,43.749,2614,3828
2015-10-15,43.119,45.919,43.049,44.029,1771,3828
2015-10-16,44.239,44.239,41.999,41.999,7972,3828
2015-10-19,45.289,45.499,40.949,41.579,3100,3828
2015-10-20,40.599,40.739,40.459,40.739,1110,3828
2015-10-21,40.249,40.879,40.249,40.459,2314,3828
2015-10-22,39.619,39.829,38.779,39.619,686,3828
2015-10-23,39.339,40.389,39.339,40.389,8300,3828
2015-10-26,40.599,50.609,39.899,42.139,5943,3828
2015-10-27,43.399,43.399,40.109,41.229,957,3828
2015-10-28,40.459,42.139,40.459,40.879,500,3828
2015-10-29,41.999,47.809,40.949,41.509,13943,3828
2015-10-30,40.459,44.099,40.039,40.459,1157,3828
2015-11-02,40.249,42.104,40.109,40.599,5100,3828
2015-11-03,40.599,41.229,40.109,40.389,443,3828
2015-11-04,41.159,41.229,40.599,41.159,1063,3828
2015-11-05,41.299,44.519,40.739,41.579,771,3828
2015-11-06,41.719,44.029,40.389,43.889,1743,3828
2015-11-09,45.428,45.428,42.209,43.609,1141,3828
2015-11-10,42.069,43.539,41.999,42.629,714,3828
2015-11-11,41.299,43.469,40.529,43.469,800,3828
2015-11-12,43.679,43.749,41.719,43.119,1300,3828
2015-11-13,43.399,43.749,42.069,42.629,1486,3828
2015-11-16,40.109,42.909,38.849,39.759,3657,3828
2015-11-17,41.649,43.609,40.319,42.069,671,3828
2015-11-18,41.649,42.349,40.949,42.209,329,3828
2015-11-19,41.369,43.399,40.949,43.119,2186,3828
2015-11-20,42.979,43.399,39.759,41.019,2543,3828
2015-11-23,41.649,41.649,39.619,40.949,1586,3828
2015-11-24,41.299,41.579,40.669,40.879,543,3828
2015-11-25,40.599,43.329,39.479,41.579,4900,3828
2015-11-27,39.969,41.999,39.969,41.789,543,3828
2015-11-30,41.929,41.999,39.339,40.109,2629,3828
2015-12-01,40.598,45.009,39.339,42.104,9949,3828
2015-12-02,43.049,44.099,41.94,43.749,1437,3828
2015-12-03,43.399,43.749,41.929,43.189,1004,3828
2015-12-04,42.209,43.679,40.389,42.909,543,3828
2015-12-07,41.579,43.539,40.389,42.489,1771,3828
2015-12-08,42.349,43.329,40.249,43.258,2113,3828
2015-12-09,41.299,44.799,41.299,44.799,1743,3828
2015-12-10,45.569,48.859,45.499,46.199,2229,3828
2015-12-11,47.599,50.749,47.599,49.699,1814,3828
2015-12-14,49.699,55.929,47.599,55.929,4895,3828
2015-12-15,55.999,55.999,45.849,55.229,3014,3828
2015-12-16,55.369,55.929,50.889,53.199,3672,3828
2015-12-17,55.999,69.999,52.849,66.009,9000,3828
2015-12-18,62.719,77.068,50.469,50.469,32401,3828
2015-12-21,51.799,54.389,46.759,47.389,10957,3828
2015-12-22,48.159,51.238,44.099,46.829,4669,3828
2015-12-23,48.299,48.789,44.309,46.339,2100,3828
2015-12-24,45.499,47.459,45.499,45.5,922,3828
2015-12-28,45.569,47.892,41.019,41.719,9004,3828
2015-12-29,41.999,43.399,41.229,43.049,3239,3828
2015-12-30,42.489,43.888,39.759,40.039,3912,3828
2015-12-31,41.089,44.449,40.389,43.749,5258,3828
2016-01-04,43.189,46.549,42.0,43.469,1088,3828
2016-01-05,42.629,45.359,41.089,42.699,2480,3828
2016-01-06,42.979,45.849,41.649,43.609,2723,3828
2016-01-07,44.939,44.939,40.599,40.599,2690,3828
2016-01-08,40.599,42.419,38.849,39.199,3420,3828
2016-01-11,40.599,41.299,39.199,39.479,802,3828
2016-01-12,40.459,45.219,40.179,42.034,2556,3828
2016-01-13,42.629,45.149,41.719,41.999,2247,3828
2016-01-14,40.879,42.278,40.179,40.949,1147,3828
2016-01-15,40.809,44.169,40.389,40.949,2157,3828
2016-01-19,41.649,41.859,39.339,39.409,700,3828
2016-01-20,44.728,44.728,34.999,35.419,1982,3828
2016-01-21,34.999,38.149,29.749,29.889,2810,3828
2016-01-22,28.559,32.689,28.559,29.889,469,3828
2016-01-25,32.829,32.829,30.974,31.639,1748,3828
2016-01-26,32.829,32.899,32.269,32.689,519,3828
2016-01-27,32.199,34.159,31.505,31.639,436,3828
2016-01-28,31.499,33.739,31.499,32.689,1022,3828
2016-01-29,31.849,35.559,31.499,31.569,1914,3828
2016-02-01,31.499,34.579,27.999,28.139,2315,3828
2016-02-02,29.539,29.539,26.179,26.809,6037,3828
2016-02-03,29.539,30.729,26.809,28.279,1144,3828
2016-02-04,27.019,29.469,24.99,27.754,1482,3828
2016-02-05,27.649,30.449,27.37,27.37,1166,3828
2016-02-08,25.409,36.399,25.269,32.199,13678,3828
2016-02-09,33.319,35.839,33.319,34.439,1979,3828
2016-02-10,35.559,37.519,35.069,36.049,1146,3828
2016-02-11,36.959,36.959,31.779,33.319,359,3828
2016-02-12,36.119,36.889,31.22,34.089,3904,3828
2016-02-16,33.039,33.039,29.959,30.694,1695,3828
2016-02-17,30.449,31.709,27.649,28.244,3712,3828
2016-02-18,28.349,29.259,28.14,28.705,685,3828
2016-02-19,28.069,29.889,28.069,28.069,2335,3828
2016-02-22,29.259,29.259,26.319,27.859,933,3828
2016-02-23,27.299,27.929,26.459,26.599,586,3828
2016-02-24,26.599,27.565,26.599,27.369,329,3828
2016-02-25,26.95,28.909,26.95,27.579,1315,3828
2016-02-26,27.789,29.119,26.879,28.139,909,3828
2016-02-29,28.279,31.359,28.279,30.379,2419,3828
2016-03-01,31.009,32.059,28.629,31.849,812,3828
2016-03-02,31.919,31.919,28.839,30.799,1466,3828
2016-03-03,30.099,30.099,28.209,29.049,2069,3828
2016-03-04,29.049,29.399,27.649,27.999,910,3828
2016-03-07,28.629,30.239,28.629,30.239,420,3828
2016-03-08,30.379,31.779,28.489,28.489,1485,3828
2016-03-09,28.699,31.219,28.699,29.399,562,3828
2016-03-10,29.889,29.889,28.489,29.399,170,3828
2016-03-11,29.469,30.869,28.069,30.519,158,3828
2016-03-14,30.519,31.429,28.0,30.869,677,3828
2016-03-15,31.149,33.529,31.149,33.179,638,3828
2016-03-16,32.409,35.909,30.659,35.769,1881,3828
2016-03-17,34.789,36.889,32.549,33.599,1452,3828
2016-03-18,33.879,36.609,33.879,35.699,975,3828
2016-03-21,36.119,36.679,34.649,36.469,838,3828
2016-03-22,36.399,36.399,33.949,33.949,377,3828
2016-03-23,33.912,35.699,33.912,34.649,205,3828
2016-03-24,35.209,35.209,29.609,32.899,190,3828
2016-03-28,34.789,34.789,32.199,32.619,630,3828
2016-03-29,33.949,34.999,33.183,34.859,751,3828
2016-03-30,34.859,34.999,34.159,34.159,365,3828
2016-03-31,34.159,34.159,30.241,30.589,309,3828
2016-04-01,31.849,32.269,30.519,30.589,588,3828
2016-04-04,31.219,31.219,29.779,31.149,55,3828
2016-04-05,31.009,33.039,29.749,30.029,542,3828
2016-04-06,31.009,31.849,28.7,29.049,4034,3828
2016-04-07,29.819,29.819,29.049,29.749,709,3828
2016-04-08,29.504,29.889,29.504,29.889,1095,3828
2016-04-11,31.569,31.919,30.1,31.079,600,3828
2016-04-12,31.709,32.619,31.429,31.429,412,3828
2016-04-13,30.659,30.659,30.099,30.659,101,3828
2016-04-15,32.129,33.179,30.309,31.849,890,3828
2016-04-19,31.36,31.36,31.36,31.36,14,3828
2016-04-20,32.829,32.829,31.359,31.919,114,3828
2016-04-21,31.639,31.919,30.029,30.449,1052,3828
2016-04-22,32.199,32.199,32.199,32.199,21,3828
2016-04-25,32.829,32.829,30.309,30.939,553,3828
2016-04-26,30.865,31.919,30.379,31.219,562,3828
2016-04-28,32.829,32.829,32.829,32.829,57,3828
2016-04-29,31.989,32.619,31.639,32.129,501,3828
2016-05-02,32.339,32.619,31.709,31.919,286,3828
2016-05-04,33.389,34.579,30.659,31.849,857,3828
2016-05-05,31.149,34.109,30.31,30.38,2168,3828
2016-05-06,32.269,32.269,29.96,30.029,471,3828
2016-05-09,31.499,31.499,29.329,30.379,429,3828
2016-05-11,31.639,31.639,29.609,31.149,4522,3828
2016-05-12,30.449,30.477,29.609,30.477,164,3828
2016-05-13,29.749,31.429,28.139,28.139,3472,3828
2016-05-16,30.379,30.379,27.719,27.719,3653,3828
2016-05-17,27.929,30.169,27.929,29.049,1199,3828
2016-05-19,29.049,30.169,29.049,29.469,1114,3828
2016-05-20,29.609,29.889,29.469,29.539,379,3828
2016-05-23,30.379,30.449,29.889,30.084,171,3828
2016-05-24,30.519,33.383,30.519,33.109,852,3828
2016-05-25,31.849,32.899,31.849,32.899,500,3828
2016-05-26,32.199,32.199,30.239,30.239,314,3828
2016-05-27,30.099,30.869,29.329,30.799,2255,3828
2016-05-31,30.099,30.371,29.959,30.371,380,3828
2016-06-01,30.379,31.919,30.379,31.919,29,3828
2016-06-02,31.52,31.639,30.449,31.639,630,3828
2016-06-03,32.549,34.299,29.329,31.989,4666,3828
2016-06-06,32.199,34.299,29.679,33.599,14866,3828
2016-06-07,33.595,34.229,31.779,31.919,2029,3828
2016-06-08,32.899,33.599,31.638,32.969,5742,3828
2016-06-09,33.599,34.019,32.13,33.739,1695,3828
2016-06-10,33.739,33.739,28.069,29.119,10865,3828
2016-06-13,28.489,31.639,28.139,31.009,10170,3828
2016-06-14,30.309,31.219,29.714,30.729,1956,3828
2016-06-15,30.169,31.499,29.749,31.079,1170,3828
2016-06-16,30.729,31.499,28.629,30.659,1864,3828
2016-06-17,30.589,31.499,30.099,30.099,2173,3828
2016-06-20,30.519,31.009,30.45,31.009,114,3828
2016-06-21,30.169,30.519,29.084,29.4,2571,3828
2016-06-22,29.749,29.749,29.749,29.749,229,3828
2016-06-23,29.749,30.099,29.574,30.099,659,3828
2016-06-24,29.54,30.939,29.54,30.659,1006,3828
2016-06-27,30.274,30.799,29.049,29.959,571,3828
2016-06-28,29.749,31.429,28.034,31.149,3241,3828
2016-06-29,31.149,31.149,30.239,31.009,196,3828
2016-06-30,31.149,31.149,29.259,29.819,693,3828
2016-07-01,30.099,30.523,29.749,30.523,623,3828
2016-07-05,29.749,29.749,29.399,29.539,132,3828
2016-07-06,30.169,30.309,30.169,30.309,334,3828
2016-07-07,30.659,30.799,29.895,29.895,89,3828
2016-07-08,30.099,30.274,30.099,30.274,471,3828
2016-07-11,31.079,31.079,30.659,30.799,227,3828
2016-07-12,31.149,31.149,30.659,31.149,532,3828
2016-07-13,31.009,31.149,29.749,29.819,1862,3828
2016-07-15,30.519,30.519,30.519,30.519,14,3828
2016-07-19,30.659,30.659,30.449,30.449,114,3828
2016-07-22,30.379,30.449,30.169,30.169,522,3828
2016-07-25,29.959,29.959,29.539,29.539,6443,3828
2016-07-26,30.589,30.589,30.099,30.309,264,3828
2016-07-27,30.449,30.449,29.749,29.889,136,3828
2016-07-28,30.1,30.64,29.819,29.819,810,3828
2016-07-29,30.029,30.519,30.029,30.519,471,3828
2016-08-01,30.169,30.939,30.169,30.939,59,3828
2016-08-02,30.939,30.939,29.47,29.539,615,3828
2016-08-03,29.959,29.959,29.399,29.399,201,3828
2016-08-04,29.259,29.75,29.259,29.75,57,3828
2016-08-08,29.819,29.819,29.755,29.755,100,3828
2016-08-09,28.909,29.469,28.839,29.469,686,3828
2016-08-10,28.139,28.909,28.139,28.909,29,3828
2016-08-11,28.778,29.329,28.778,29.329,43,3828
2016-08-12,28.559,29.399,28.419,29.399,2922,3828
2016-08-15,28.839,29.329,27.999,28.139,3483,3828
2016-08-16,27.999,27.999,27.229,27.649,1514,3828
2016-08-17,26.949,28.209,23.31,23.45,20489,3828
2016-08-18,24.43,27.089,21.07,21.14,17294,3828
2016-08-19,21.35,23.87,21.0,23.66,18970,3828
2016-08-22,23.45,23.49,22.26,22.33,2029,3828
2016-08-23,23.03,23.03,21.7,21.7,997,3828
2016-08-24,22.4,22.47,21.7,22.05,684,3828
2016-08-25,21.56,21.56,21.35,21.42,810,3828
2016-08-26,21.413,21.413,21.413,21.413,162,3828
2016-08-29,21.0,21.84,20.58,20.93,30126,3828
2016-08-30,20.65,21.14,16.66,16.8,22373,3828
2016-08-31,18.48,18.48,16.8,17.5,8153,3828
2016-09-01,17.5,18.339,17.43,17.5,4868,3828
2016-09-02,17.57,17.57,17.01,17.36,509,3828
2016-09-06,17.439,17.99,17.15,17.43,1644,3828
2016-09-07,17.08,17.99,17.08,17.5,4546,3828
2016-09-08,17.5,17.78,16.94,17.64,1418,3828
2016-09-09,17.5,17.99,17.22,17.36,971,3828
2016-09-12,17.85,18.06,16.807,17.5,5017,3828
2016-09-13,17.57,17.85,17.36,17.78,1362,3828
2016-09-14,17.43,17.78,16.8,17.43,1067,3828
2016-09-15,17.57,17.78,16.45,16.45,6645,3828
2016-09-16,16.17,17.29,15.61,16.45,2857,3828
2016-09-19,15.47,17.314,15.47,17.178,5567,3828
2016-09-20,17.36,17.36,16.45,17.122,2526,3828
2016-09-21,14.56,14.56,12.74,14.0,44114,3828
2016-09-22,14.56,14.56,13.65,13.72,8407,3828
2016-09-23,13.79,14.28,13.44,13.65,8594,3828
2016-09-26,14.388,14.388,13.44,13.86,5765,3828
2016-09-27,14.14,14.14,13.37,13.789,2469,3828
2016-09-28,14.49,14.49,13.704,14.07,7424,3828
2016-09-29,14.133,14.14,13.51,13.51,3337,3828
2016-09-30,13.23,13.93,13.09,13.79,4282,3828
2016-10-03,13.86,13.86,13.16,13.347,4564,3828
2016-10-04,12.88,13.3,12.6,12.95,5846,3828
2016-10-05,12.46,13.02,12.46,12.81,3822,3828
2016-10-06,12.81,12.88,12.6,12.81,4043,3828
2016-10-07,12.81,12.839,12.74,12.81,1748,3828
2016-10-10,12.88,13.02,12.839,13.02,830,3828
2016-10-11,12.81,13.16,12.74,12.88,1738,3828
2016-10-12,12.81,12.81,12.46,12.53,10922,3828
2016-10-13,12.46,12.74,12.46,12.46,1611,3828
2016-10-14,12.483,12.483,12.04,12.112,3238,3828
2016-10-17,12.001,12.001,11.62,11.62,560,3828
2016-10-18,11.76,12.09,11.69,11.83,1907,3828
2016-10-19,11.83,11.83,11.2,11.27,7194,3828
2016-10-20,11.41,11.41,10.92,11.13,2021,3828
2016-10-21,11.13,11.147,10.85,10.85,6173,3828
2016-10-24,10.85,11.059,10.64,10.78,2095,3828
2016-10-25,10.85,10.85,10.43,10.43,3294,3828
2016-10-26,10.57,10.57,10.08,10.15,965,3828
2016-10-27,10.08,10.08,8.9598,9.0298,14669,3828
2016-10-28,9.0298,9.0298,8.1198,8.887,3258,3828
2016-10-31,8.7498,9.3798,8.6098,8.7498,12346,3828
2016-11-01,8.7498,9.3098,8.7498,8.8198,4502,3828
2016-11-02,8.8198,9.0298,8.2598,8.3998,2967,3828
2016-11-03,8.1198,8.6644,7.8398,8.0498,23663,3828
2016-11-04,8.0498,8.6798,8.0498,8.5398,4772,3828
2016-11-07,8.5398,8.6791,8.1198,8.3998,5339,3828
2016-11-08,8.3998,8.6098,8.1898,8.4698,2799,3828
2016-11-09,8.6098,9.1103,8.1198,8.7498,21748,3828
2016-11-10,8.7498,9.59,8.7498,9.0998,40306,3828
2016-11-11,10.15,10.204,8.7498,8.7498,39051,3828
2016-11-14,8.8198,9.0998,8.4698,8.4698,13428,3828
2016-11-15,8.3998,8.4957,8.2598,8.3298,5668,3828
2016-11-16,8.5398,8.5398,8.0498,8.1898,11745,3828
2016-11-17,8.1898,8.6448,8.0498,8.1898,25585,3828
2016-11-18,8.3998,8.9598,8.1198,8.4698,52876,3828
2016-11-21,8.7498,11.48,8.6098,10.64,262238,3828
2016-11-22,10.57,12.32,10.01,12.04,152861,3828
2016-11-23,12.04,12.04,10.29,10.92,63864,3828
2016-11-25,10.85,10.85,10.22,10.78,10850,3828
2016-11-28,10.78,10.78,10.22,10.36,24865,3828
2016-11-29,10.22,11.2,10.15,11.189,33865,3828
2016-11-30,11.2,11.48,10.5,10.78,22467,3828
2016-12-01,10.64,10.85,9.52,10.5,30618,3828
2016-12-02,9.954,10.703,9.954,10.5,8842,3828
2016-12-05,10.507,10.759,10.157,10.759,4352,3828
2016-12-06,10.574,11.2,10.37,11.06,12674,3828
2016-12-07,11.06,11.06,10.5,10.99,1850,3828
2016-12-08,10.92,11.06,10.36,10.99,11451,3828
2016-12-09,10.92,10.92,10.5,10.71,4369,3828
2016-12-12,10.71,10.99,10.703,10.95,6578,3828
2016-12-13,10.99,13.23,10.57,11.27,113338,3828
2016-12-14,11.41,11.479,10.99,11.2,15020,3828
2016-12-15,11.2,11.429,11.06,11.34,9707,3828
2016-12-16,11.2,11.62,11.2,11.62,6231,3828
2016-12-19,12.04,12.04,11.2,11.515,11464,3828
2016-12-20,11.34,11.76,11.34,11.69,8663,3828
2016-12-21,11.62,11.76,11.27,11.76,7243,3828
2016-12-22,11.759,12.11,11.69,11.83,5819,3828
2016-12-23,11.9,12.285,11.83,12.18,14700,3828
2016-12-27,12.04,12.39,12.04,12.04,12593,3828
2016-12-28,11.97,12.11,11.62,11.83,18357,3828
2016-12-29,11.97,12.46,11.76,12.11,18651,3828
2016-12-30,12.25,12.6,12.058,12.6,14797,3828
2017-01-03,12.81,13.09,12.53,12.6,17592,3828
2017-01-04,12.774,12.95,12.67,12.88,8031,3828
2017-01-05,12.687,13.79,12.687,13.657,46673,3828
2017-01-06,13.86,14.63,13.44,13.93,60091,3828
2017-01-09,14.14,14.14,13.3,13.72,38322,3828
2017-01-10,13.86,14.35,13.72,14.14,23976,3828
2017-01-11,14.21,15.256,12.81,13.795,105215,3828
2017-01-12,13.303,13.956,12.95,13.65,17454,3828
2017-01-13,13.79,14.07,13.79,14.0,10654,3828
2017-01-17,14.0,14.07,13.72,13.93,11653,3828
2017-01-18,13.93,14.56,13.93,14.0,20963,3828
2017-01-19,14.0,14.35,14.0,14.349,6749,3828
2017-01-20,14.42,15.05,14.318,15.05,8100,3828
2017-01-23,14.91,14.91,14.14,14.35,21661,3828
2017-01-24,14.0,14.56,14.0,14.49,15486,3828
2017-01-25,14.446,14.84,14.434,14.77,4841,3828
2017-01-26,14.56,14.84,14.56,14.7,4736,3828
2017-01-27,14.7,14.98,14.7,14.77,4606,3828
2017-01-30,14.733,14.91,14.7,14.84,4469,3828
2017-01-31,14.7,15.12,14.21,15.12,6607,3828
2017-02-01,15.12,15.26,14.868,15.19,5512,3828
2017-02-02,15.102,15.96,15.059,15.89,19305,3828
2017-02-03,16.1,16.17,15.456,16.1,12960,3828
2017-02-06,16.17,16.17,15.563,15.82,3353,3828
2017-02-07,15.853,15.855,15.12,15.61,9828,3828
2017-02-08,15.61,15.61,15.117,15.4,5862,3828
2017-02-09,15.19,15.61,15.19,15.538,2801,3828
2017-02-10,15.61,15.75,15.4,15.75,4046,3828
2017-02-13,15.57,15.96,15.57,15.82,4205,3828
2017-02-14,15.918,16.17,15.68,16.17,5977,3828
2017-02-15,16.17,16.17,15.96,16.1,2223,3828
2017-02-16,16.03,16.45,16.03,16.31,3414,3828
2017-02-17,16.31,16.45,16.17,16.275,3219,3828
2017-02-21,16.17,16.38,15.75,16.1,34801,3828
2017-02-22,16.389,16.389,15.26,15.89,5417,3828
2017-02-23,15.68,15.68,15.05,15.19,8848,3828
2017-02-24,15.332,15.54,15.19,15.54,6906,3828
2017-02-27,15.61,16.1,15.19,15.874,3637,3828
2017-02-28,15.82,16.45,15.82,16.24,16330,3828
2017-03-01,16.17,16.24,15.82,16.03,6567,3828
2017-03-02,16.03,16.24,15.68,16.1,5680,3828
2017-03-03,16.054,16.17,15.78,16.17,6966,3828
2017-03-06,13.86,15.75,11.41,15.75,10341,3828
2017-03-07,15.398,15.96,14.42,15.05,5516,3828
2017-03-08,14.84,15.393,14.84,15.26,3200,3828
2017-03-09,15.05,15.33,14.91,15.328,2689,3828
2017-03-10,15.19,15.54,15.12,15.33,2630,3828
2017-03-13,15.19,16.03,14.91,16.03,3217,3828
2017-03-14,15.82,15.96,15.463,15.96,11193,3828
2017-03-15,15.68,16.31,15.504,16.1,7335,3828
2017-03-16,15.96,16.24,15.89,15.89,5985,3828
2017-03-17,16.03,16.24,16.03,16.1,3527,3828
2017-03-20,15.997,16.1,15.914,16.1,1140,3828
2017-03-21,15.96,16.1,15.156,15.96,3954,3828
2017-03-22,15.19,15.26,14.77,14.98,3712,3828
2017-03-23,14.77,14.84,14.484,14.692,5751,3828
2017-03-24,14.425,14.56,14.0,14.56,11449,3828
2017-03-27,14.42,14.49,14.21,14.42,3886,3828
2017-03-28,14.49,14.56,14.42,14.42,809,3828
2017-03-29,14.553,15.19,14.553,15.19,2444,3828
2017-03-30,15.19,15.19,14.77,14.77,2353,3828
2017-03-31,14.77,15.61,14.77,15.33,12939,3828
2017-04-03,15.05,15.05,14.28,14.49,3862,3828
2017-04-04,14.14,14.98,14.14,14.77,2926,3828
2017-04-05,14.91,14.91,14.21,14.42,3835,3828
2017-04-06,14.07,14.49,13.72,14.42,6311,3828
2017-04-07,14.42,14.84,14.21,14.21,1129,3828
2017-04-10,14.418,14.7,13.955,14.42,1659,3828
2017-04-11,14.452,14.452,14.21,14.35,9292,3828
2017-04-13,14.07,14.56,14.07,14.56,1980,3828
2017-04-17,14.7,14.7,14.56,14.63,401,3828
2017-04-18,14.63,14.63,14.21,14.21,1998,3828
2017-04-19,14.42,14.629,14.42,14.629,774,3828
2017-04-20,14.68,14.7,14.37,14.414,1484,3828
2017-04-21,14.35,14.35,14.14,14.28,1645,3828
2017-04-24,14.28,14.28,13.58,14.14,1635,3828
2017-04-25,14.07,14.21,14.07,14.21,2250,3828
2017-04-26,14.161,14.49,14.117,14.49,1737,3828
2017-04-27,14.49,14.7,14.42,14.42,1801,3828
2017-04-28,14.49,14.7,14.42,14.7,3162,3828
2017-05-01,14.63,14.63,14.49,14.49,109,3828
2017-05-02,14.486,14.63,14.468,14.63,112,3828
2017-05-03,14.7,15.05,14.42,14.56,4031,3828
2017-05-04,14.56,14.56,14.56,14.56,117,3828
2017-05-05,14.63,14.63,14.423,14.56,1404,3828
2017-05-08,14.427,14.493,14.126,14.35,6724,3828
2017-05-09,14.0,14.07,13.809,14.07,4486,3828
2017-05-10,14.0,14.07,13.58,14.07,5003,3828
2017-05-11,14.049,14.049,14.049,14.049,30,3828
2017-05-12,14.0,14.0,14.0,14.0,164,3828
2017-05-15,13.93,14.28,13.93,14.21,2319,3828
2017-05-16,14.28,14.28,9.801,10.29,57671,3828
2017-05-17,9.52,10.36,9.0998,10.01,23608,3828
2017-05-18,9.8,10.08,9.572,9.8,8760,3828
2017-05-19,10.094,10.094,9.2398,9.73,8744,3828
2017-05-22,10.08,10.15,9.59,9.81,27800,3828
2017-05-23,9.94,9.989,9.66,9.73,31357,3828
2017-05-24,9.8,10.08,9.8,10.079,18320,3828
2017-05-25,10.08,10.29,9.94,10.22,15689,3828
2017-05-26,9.87,10.185,9.8,10.149,7656,3828
2017-05-30,10.15,10.29,10.08,10.08,14577,3828
2017-05-31,10.08,10.57,10.08,10.57,5632,3828
2017-06-01,10.43,10.5,10.08,10.22,20188,3828
2017-06-02,10.129,10.71,10.01,10.43,25908,3828
2017-06-05,10.64,10.71,10.22,10.64,13541,3828
2017-06-06,10.71,10.85,10.657,10.849,13708,3828
2017-06-07,10.78,10.85,10.71,10.71,8770,3828
2017-06-08,10.71,10.939,10.71,10.85,12550,3828
2017-06-09,10.923,10.99,10.64,10.71,17691,3828
2017-06-12,10.43,10.57,10.36,10.36,4467,3828
2017-06-13,10.5,10.71,10.36,10.56,16498,3828
2017-06-14,10.43,10.71,10.22,10.29,7103,3828
2017-06-15,10.345,10.5,9.839,10.5,3031,3828
2017-06-16,10.15,10.51,10.08,10.429,7487,3828
2017-06-19,10.36,10.57,10.15,10.15,15014,3828
2017-06-20,10.29,10.99,10.29,10.71,9715,3828
2017-06-21,10.71,10.92,10.5,10.64,1483,3828
2017-06-22,10.5,11.339,10.5,10.85,3793,3828
2017-06-23,10.36,10.955,10.08,10.08,2549,3828
2017-06-26,10.08,10.85,10.08,10.71,4360,3828
2017-06-27,10.709,10.92,10.08,10.71,8060,3828
2017-06-28,10.647,13.37,10.64,11.2,4509,3828
2017-06-29,11.27,11.97,10.92,11.69,4083,3828
2017-06-30,11.2,12.11,11.2,11.69,3057,3828
2017-07-03,11.69,11.992,11.41,11.97,4550,3828
2017-07-05,11.825,12.005,11.2,11.55,1036,3828
2017-07-06,11.529,12.04,11.529,11.97,2771,3828
2017-07-07,11.62,11.9,11.62,11.9,1650,3828
2017-07-10,11.97,12.04,11.69,11.83,2546,3828
2017-07-11,11.774,12.18,11.774,11.9,2683,3828
2017-07-12,12.024,12.18,11.9,12.18,871,3828
2017-07-13,12.11,12.18,12.11,12.18,586,3828
2017-07-14,12.25,13.37,12.145,13.299,5789,3828
2017-07-17,12.11,13.07,12.04,12.18,2328,3828
2017-07-18,12.25,12.39,11.34,11.69,6131,3828
2017-07-19,12.11,12.11,11.69,11.9,2088,3828
2017-07-20,11.9,12.041,11.2,11.55,5040,3828
2017-07-21,11.76,12.043,11.2,11.62,2130,3828
2017-07-24,11.76,11.9,11.13,11.13,4596,3828
2017-07-25,11.34,12.25,11.34,11.76,1632,3828
2017-07-26,12.091,12.11,11.76,11.76,1149,3828
2017-07-27,11.76,11.968,11.69,11.69,462,3828
2017-07-28,12.32,12.32,11.752,11.76,702,3828
2017-07-31,11.76,11.914,11.76,11.899,234,3828
2017-08-01,11.76,12.32,11.76,12.25,1357,3828
2017-08-02,11.76,11.76,11.76,11.76,210,3828
2017-08-03,12.225,12.225,11.76,11.9,1863,3828
2017-08-04,11.9,11.903,11.34,11.76,2936,3828
2017-08-07,11.424,12.25,11.392,11.9,1893,3828
2017-08-08,11.55,11.947,11.409,11.76,941,3828
2017-08-09,11.97,12.249,11.829,12.18,501,3828
2017-08-10,11.462,11.669,11.462,11.55,1076,3828
2017-08-11,11.48,12.11,11.48,11.62,206,3828
2017-08-14,11.62,12.11,11.62,12.11,321,3828
2017-08-15,11.37,12.11,11.34,12.04,706,3828
2017-08-16,11.678,12.04,11.678,12.04,159,3828
2017-08-17,12.058,12.085,12.04,12.04,297,3828
2017-08-18,11.697,12.18,11.55,11.76,2010,3828
2017-08-21,11.55,12.11,10.15,11.865,7932,3828
2017-08-22,11.62,12.11,11.55,11.9,1455,3828
2017-08-23,11.62,12.18,11.2,11.62,2452,3828
2017-08-24,12.18,12.18,11.41,11.83,870,3828
2017-08-25,12.085,12.25,11.55,11.97,5839,3828
2017-08-28,10.3,12.0701,10.3,12.0701,882,3828
2017-08-29,12.55,13.75,12.55,13.75,400,3828
2017-08-30,13.5675,13.8624,12.05,13.2853,4037,3828
2017-08-31,13.2,13.2,12.8,12.8,694,3828
2017-09-01,12.8,13.44,12.2357,13.25,2404,3828
2017-09-05,13.44,13.44,12.56,12.56,809,3828
2017-09-06,12.96,12.96,12.12,12.18,995,3828
2017-09-07,12.9424,13.2,12.5256,13.2,14054,3828
2017-09-08,13.0,13.44,12.957,13.44,9462,3828
2017-09-11,13.49,14.49,13.4633,14.25,8099,3828
2017-09-12,14.3845,18.0,14.3845,17.5,18433,3828
2017-09-13,17.78,22.349,17.78,20.15,29356,3828
2017-09-14,21.4,23.0,18.7,19.0,17902,3828
2017-09-15,19.0,19.96,17.56,19.25,20332,3828
2017-09-18,20.035,20.035,18.1,18.73,8485,3828
2017-09-19,18.75,19.25,17.9,18.65,10559,3828
2017-09-20,18.5,18.71,17.88,17.92,64841,3828
2017-09-21,18.1,18.25,18.05,18.05,2987,3828
2017-09-22,18.0,18.45,17.96,18.15,8930,3828
2017-09-25,18.749,19.45,18.0,18.15,50678,3828
2017-09-26,18.49,18.86,17.9,18.86,118210,3828
2017-09-27,19.45,20.56,19.35,20.01,57305,3828
2017-09-28,19.5,21.89,18.225,21.79,73568,3828
2017-09-29,22.0,22.4,18.69,19.015,48781,3828
2017-10-02,20.12,20.12,17.648,18.9,31903,3828
2017-10-03,18.9,18.9,17.462,17.53,13313,3828
2017-10-04,17.6412,17.95,17.45,17.605,4746,3828
2017-10-05,17.59,17.68,16.87,17.17,18350,3828
2017-10-06,17.01,18.0,16.95,17.91,2763,3828
2017-10-09,17.27,17.61,15.76,16.27,22575,3828
2017-10-10,16.3682,16.3682,16.0,16.11,24861,3828
2017-10-11,17.0682,17.2269,15.411,16.01,1310,3828
2017-10-12,16.32,17.13,16.32,16.43,6907,3828
2017-10-13,16.72,16.89,16.5452,16.5452,2488,3828
2017-10-16,16.9,18.36,16.867,17.75,7259,3828
2017-10-17,17.31,17.31,16.47,16.67,22207,3828
2017-10-18,16.5663,17.2142,16.5663,16.92,2190,3828
2017-10-19,16.92,17.0,16.47,16.47,3112,3828
2017-10-20,16.46,16.7,15.01,15.01,37909,3828
2017-10-23,16.2084,16.2084,14.14,15.3799,18351,3828
2017-10-24,13.32,15.78,13.15,15.7399,27538,3828
2017-10-25,15.6,16.48,14.9,15.25,44650,3828
2017-10-26,14.95,16.1,14.53,14.99,33280,3828
2017-10-27,14.95,15.99,14.2,14.75,25904,3828
2017-10-30,15.2899,15.7499,14.75,14.76,6399,3828
2017-10-31,14.99,15.0,14.71,14.71,11262,3828
2017-11-01,14.75,14.9099,13.84,14.01,11283,3828
2017-11-02,13.8,13.8,12.73,13.43,19284,3828
2017-11-03,13.44,14.01,13.12,13.39,22573,3828
2017-11-06,14.6,14.6,13.91,14.0,18074,3828
2017-11-07,14.07,14.07,13.33,13.44,23516,3828
2017-11-08,13.8291,13.85,13.1,13.12,14622,3828
2017-11-09,13.16,13.16,11.01,11.03,40023,3828
2017-11-10,11.21,12.55,11.05,11.1,37407,3828
