Date,Open,High,Low,Close,Volume,stock_id
2014-08-07,6.88,6.88,6.88,6.88,125,3393
2014-08-11,6.5,6.503,6.5,6.5,2869,3393
2014-08-12,6.5,6.5,6.4999,6.5,2036,3393
2014-08-13,6.5,6.5,6.4041,6.4041,466,3393
2014-08-15,6.1299,6.49,6.1299,6.3,2048,3393
2014-08-18,6.04,6.4,6.01,6.4,2570,3393
2014-08-20,6.0301,6.16,6.03,6.0401,8928,3393
2014-08-21,6.04,6.0401,6.04,6.0401,400,3393
2014-08-25,6.03,6.0301,6.03,6.03,2520,3393
2014-08-26,6.02,6.02,6.02,6.02,3000,3393
2014-08-27,6.02,6.05,6.02,6.05,7100,3393
2014-08-28,6.1,6.25,5.98,6.0,2879,3393
2014-08-29,6.4399,6.4399,5.98,5.98,1050,3393
2014-09-02,6.1,6.2,6.04,6.04,2850,3393
2014-09-03,6.05,6.44,6.05,6.41,11142,3393
2014-09-04,6.136,6.136,6.136,6.136,190,3393
2014-09-05,6.15,6.5,6.1,6.2,4723,3393
2014-09-08,6.41,6.44,6.1595,6.44,3470,3393
2014-09-09,6.42,6.44,6.14,6.4,2748,3393
2014-09-10,6.44,6.44,6.15,6.15,1630,3393
2014-09-11,6.15,6.44,6.09,6.44,16139,3393
2014-09-12,6.43,6.44,6.4,6.44,3822,3393
2014-09-15,6.09,6.43,6.06,6.42,5345,3393
2014-09-16,6.42,6.42,6.05,6.05,2404,3393
2014-09-17,6.41,6.41,6.2101,6.2101,863,3393
2014-09-18,6.38,6.4,6.23,6.4,2429,3393
2014-09-19,6.4,6.4,6.05,6.05,7512,3393
2014-09-22,6.17,6.35,6.0,6.0,1259,3393
2014-09-23,6.05,6.05,6.05,6.05,155,3393
2014-09-25,6.63,6.79,6.0901,6.17,11919,3393
2014-09-29,6.0501,6.0501,6.0501,6.0501,100,3393
2014-09-30,6.1,6.1,6.1,6.1,600,3393
2014-10-01,6.4,6.4,6.4,6.4,170,3393
2014-10-03,6.12,6.38,6.12,6.14,1790,3393
2014-10-08,6.38,6.38,6.38,6.38,250,3393
2014-10-09,6.1,6.1,6.0001,6.0001,19975,3393
2014-10-14,5.99,6.0,5.9,5.9,2102,3393
2014-10-20,5.6601,6.0,5.6601,6.0,275,3393
2014-10-21,6.0,6.0,6.0,6.0,643,3393
2014-10-22,5.66,5.66,5.66,5.66,994,3393
2014-10-23,5.66,5.97,5.66,5.97,300,3393
2014-10-30,5.7,5.7,5.6,5.6,654,3393
2014-11-06,5.97,5.97,5.97,5.97,191,3393
2014-11-11,5.96,5.96,5.7199,5.72,2902,3393
2014-11-12,5.8,6.0,5.5584,5.5584,2672,3393
2014-11-19,5.6924,5.7,5.6924,5.6924,1430,3393
2014-11-20,5.66,5.665,5.65,5.6575,3640,3393
2014-11-21,5.8,5.8,5.7,5.7,2054,3393
2014-11-24,5.7001,5.7001,5.65,5.65,2000,3393
2014-11-25,5.799,5.799,5.64,5.64,836,3393
2014-11-26,5.65,5.65,5.64,5.64,445,3393
2014-11-28,5.7865,5.7865,5.7865,5.7865,100,3393
2014-12-01,5.67,5.67,5.67,5.67,306,3393
2014-12-02,5.75,5.8,5.75,5.75,3631,3393
2014-12-03,5.9185,5.95,5.9185,5.95,1058,3393
2014-12-04,6.0,6.0,5.65,5.65,2305,3393
2014-12-05,5.66,5.66,5.65,5.65,752,3393
2014-12-08,5.85,5.85,5.55,5.55,1151,3393
2014-12-09,5.54,5.59,5.48,5.59,4113,3393
2014-12-15,5.481,5.517,5.481,5.517,2105,3393
2014-12-16,5.48,5.5,5.45,5.5,2201,3393
2014-12-18,5.4,5.4,5.35,5.35,1314,3393
2014-12-19,5.25,5.25,4.53,4.53,6509,3393
2014-12-22,4.95,4.99,4.95,4.99,492,3393
2014-12-23,5.1001,5.1001,5.1001,5.1001,1060,3393
2014-12-24,5.2,5.2499,5.2,5.2499,1020,3393
2014-12-26,5.2,5.601,5.2,5.601,2505,3393
2014-12-29,6.0,6.0,5.1,5.5,561,3393
2014-12-30,5.6,6.0,5.6,6.0,876,3393
2014-12-31,5.98,6.0,5.98,6.0,200,3393
2015-01-02,5.63,5.66,5.6,5.63,3600,3393
2015-01-05,6.0,6.0,5.75,5.75,834,3393
2015-01-06,5.63,5.63,5.6,5.6,2612,3393
2015-01-07,5.6,5.6,5.6,5.6,384,3393
2015-01-08,5.6,5.6,5.5001,5.5001,2533,3393
2015-01-09,5.5,5.6001,5.5,5.6001,1279,3393
2015-01-15,5.6,5.6,5.6,5.6,1700,3393
2015-01-20,5.55,5.75,5.55,5.6001,2600,3393
2015-01-22,5.65,5.65,5.5941,5.5941,7458,3393
2015-01-23,5.62,5.62,5.62,5.62,2600,3393
2015-01-26,5.545,5.545,5.545,5.545,100,3393
2015-01-27,5.55,5.55,5.55,5.55,3000,3393
2015-01-28,5.65,5.78,5.65,5.7295,900,3393
2015-01-30,5.64,5.64,5.63,5.6399,1376,3393
2015-02-02,5.56,5.8,5.54,5.7,11820,3393
2015-02-03,5.65,5.73,5.63,5.64,5179,3393
2015-02-04,5.75,5.7999,5.6,5.71,9209,3393
2015-02-05,5.63,5.72,5.63,5.63,3400,3393
2015-02-06,5.64,5.72,5.6,5.62,1025,3393
2015-02-09,5.7999,5.8,5.62,5.676,5036,3393
2015-02-10,5.7,5.7,5.57,5.5724,5194,3393
2015-02-11,5.65,5.75,5.65,5.718,2800,3393
2015-02-12,5.57,5.67,5.57,5.67,1150,3393
2015-02-13,5.65,5.79,5.57,5.79,4240,3393
2015-02-17,5.5,5.7,5.5,5.7,2202,3393
2015-02-18,5.55,5.55,5.55,5.55,100,3393
2015-02-19,5.61,5.61,5.61,5.61,100,3393
2015-02-20,5.78,5.7967,5.65,5.75,3700,3393
2015-02-23,5.65,5.75,5.65,5.7419,1722,3393
2015-02-24,5.65,5.8,5.65,5.8,1124,3393
2015-02-25,5.67,5.81,5.67,5.7,3127,3393
2015-02-26,5.67,5.71,5.67,5.71,2117,3393
2015-02-27,5.65,5.7,5.65,5.7,1050,3393
2015-03-02,5.66,5.66,5.65,5.65,1400,3393
2015-03-03,5.49,5.49,5.45,5.45,200,3393
2015-03-04,5.46,5.46,5.46,5.46,100,3393
2015-03-05,5.4,5.4,4.9,5.26,10900,3393
2015-03-06,5.3,5.35,5.28,5.35,5200,3393
2015-03-09,5.15,5.15,5.15,5.15,400,3393
2015-03-10,5.04,5.77,5.04,5.4,3600,3393
2015-03-11,5.47,5.8,5.34,5.34,2900,3393
2015-03-12,5.18,5.5,5.18,5.5,200,3393
2015-03-13,5.22,5.22,5.22,5.22,100,3393
2015-03-16,5.2,5.2,5.2,5.2,300,3393
2015-03-17,5.43,5.5,5.0,5.06,2100,3393
2015-03-23,5.1,5.39,5.1,5.39,800,3393
2015-03-25,5.39,5.39,5.39,5.39,200,3393
2015-03-26,5.2,5.21,5.2,5.21,1400,3393
2015-03-27,5.45,5.45,5.45,5.45,1000,3393
2015-04-01,5.3,5.3,5.3,5.3,900,3393
2015-04-02,5.2,5.2,5.2,5.2,300,3393
2015-04-06,5.2,5.2,5.2,5.2,600,3393
2015-04-10,5.22,5.22,5.2,5.2,1000,3393
2015-04-16,5.2,5.2,5.2,5.2,203,3393
2015-04-17,5.2,5.2,5.2,5.2,100,3393
2015-04-20,5.425,5.425,5.425,5.425,282,3393
2015-04-24,5.2,5.45,5.05,5.45,5000,3393
2015-04-27,5.2,5.2,5.2,5.2,100,3393
2015-04-29,5.2,5.25,5.18,5.2,12000,3393
2015-05-01,5.2,5.2,5.19,5.2,15200,3393
2015-05-04,5.25,5.25,5.25,5.25,300,3393
2015-05-05,5.2,5.25,5.2,5.25,1300,3393
2015-05-06,5.09,5.2032,5.09,5.2032,617,3393
2015-05-07,5.21,5.4499,5.21,5.4499,353,3393
2015-05-11,5.39,5.45,5.39,5.45,800,3393
2015-05-13,5.5,5.5,5.5,5.5,1000,3393
2015-05-18,5.5,5.5001,5.5,5.5001,1301,3393
2015-05-22,5.2,5.26,5.2,5.26,2000,3393
2015-05-27,5.25,5.6,5.25,5.6,200,3393
2015-05-29,5.27,5.3,5.25,5.25,1100,3393
2015-06-01,5.3,5.3,5.3,5.3,200,3393
2015-06-03,5.25,5.25,5.25,5.25,900,3393
2015-06-04,5.5,5.5,5.5,5.5,400,3393
2015-06-05,5.6,5.7,5.6,5.7,2000,3393
2015-06-08,5.75,5.75,5.75,5.75,1000,3393
2015-06-12,5.84,5.85,5.84,5.85,500,3393
2015-06-18,5.65,5.68,5.65,5.68,5800,3393
2015-06-19,5.65,5.74,5.65,5.74,1400,3393
2015-06-22,5.75,5.75,5.75,5.75,1000,3393
2015-06-23,5.67,5.67,5.65,5.65,1701,3393
2015-06-24,5.79,5.79,5.79,5.79,100,3393
2015-06-26,5.78,5.8,5.74,5.75,6600,3393
2015-07-08,5.68,5.76,5.68,5.76,5500,3393
2015-07-09,5.65,5.68,5.65,5.66,5300,3393
2015-07-10,5.79,5.79,5.71,5.71,7200,3393
2015-07-13,5.65,5.65,5.65,5.65,800,3393
2015-07-15,5.65,5.65,5.65,5.65,185,3393
2015-07-23,5.67,5.67,5.67,5.67,100,3393
2015-07-29,5.68,5.68,5.68,5.68,900,3393
2015-07-30,5.68,5.68,5.68,5.68,2900,3393
2015-07-31,5.79,5.79,5.71,5.71,5200,3393
2015-08-03,5.37,5.37,5.37,5.37,124,3393
2015-08-11,5.7899,5.7899,5.7899,5.7899,520,3393
2015-08-12,5.4,5.4,5.34,5.4,1300,3393
2015-08-13,5.79,5.79,5.79,5.79,500,3393
2015-08-14,5.65,5.78,5.65,5.78,200,3393
2015-08-24,5.552,5.552,5.5116,5.55,1481,3393
2015-08-26,5.5,5.79,5.5,5.75,15900,3393
2015-08-27,5.75,5.8,5.75,5.8,1700,3393
2015-08-28,5.81,5.81,5.79,5.8,10300,3393
2015-09-01,6.0,6.0,5.85,5.85,1300,3393
2015-09-02,5.85,5.85,5.85,5.85,200,3393
2015-09-08,5.92,6.0,5.92,6.0,200,3393
2015-09-09,5.85,5.86,5.85,5.86,2100,3393
2015-09-10,6.32,6.32,6.0,6.0,1171,3393
2015-09-11,6.0,6.4,6.0,6.4,800,3393
2015-09-14,6.0,6.12,6.0,6.12,700,3393
2015-09-15,5.99,5.99,5.99,5.99,200,3393
2015-09-16,6.12,6.3,6.0,6.0,31700,3393
2015-09-18,6.0,6.35,6.0,6.0,9900,3393
2015-09-21,6.0,6.0,6.0,6.0,500,3393
2015-09-28,6.0,6.02,5.9,6.0,14301,3393
2015-09-29,6.0,6.0,6.0,6.0,3000,3393
2015-10-01,6.01,6.01,6.0,6.0,5000,3393
2015-10-02,6.0,6.03,6.0,6.03,600,3393
2015-10-06,6.35,6.45,6.2,6.45,13100,3393
2015-10-07,6.5,6.6,6.5,6.6,3100,3393
2015-10-08,6.8,6.8,6.8,6.8,800,3393
2015-10-15,6.9,6.9,6.9,6.9,300,3393
2015-10-19,6.81,6.81,6.81,6.81,100,3393
2015-10-20,7.48,7.6287,7.48,7.6287,3821,3393
2015-10-22,7.59,7.6,7.59,7.6,300,3393
2015-10-23,7.12,7.6,7.12,7.54,10100,3393
2015-10-29,7.24,7.25,7.07,7.07,800,3393
2015-10-30,7.07,7.07,6.97,6.97,500,3393
2015-11-02,6.87,6.87,6.85,6.85,624,3393
2015-11-03,6.85,6.85,6.85,6.85,100,3393
2015-11-05,6.66,6.75,6.66,6.75,800,3393
2015-11-09,6.66,6.66,6.266,6.29,1100,3393
2015-11-10,6.45,6.45,6.45,6.45,100,3393
2015-11-16,6.88,6.99,6.88,6.99,2200,3393
2015-11-18,7.29,7.29,7.29,7.29,200,3393
2015-11-19,7.29,7.29,7.29,7.29,4900,3393
2015-11-20,7.19,7.19,7.19,7.19,200,3393
2015-11-23,7.3,7.33,7.3,7.33,900,3393
2015-11-24,7.3,7.3,7.3,7.3,1100,3393
2015-11-27,7.2,7.2,7.2,7.2,200,3393
2015-11-30,7.22,7.22,7.2,7.2,1400,3393
2015-12-01,6.0,7.28,6.0,7.1,3774,3393
2015-12-02,7.12,7.12,6.7995,6.7995,2137,3393
2015-12-03,7.004,7.004,7.004,7.004,2500,3393
2015-12-04,7.25,7.3,7.0,7.3,2900,3393
2015-12-09,7.0,7.0,7.0,7.0,4600,3393
2015-12-16,6.51,6.51,6.21,6.21,1500,3393
2015-12-18,7.45,7.45,7.45,7.45,400,3393
2015-12-21,6.28,6.69,6.28,6.69,2400,3393
2015-12-22,6.31,6.31,6.22,6.22,310,3393
2015-12-23,6.59,6.75,6.59,6.75,900,3393
2015-12-28,6.7501,6.7501,6.75,6.75,1040,3393
2015-12-29,7.06,7.06,6.8561,6.8561,445,3393
2015-12-31,7.11,7.11,7.11,7.11,150,3393
2016-01-04,6.81,6.81,6.81,6.81,100,3393
2016-01-07,6.8,6.8,6.8,6.8,100,3393
2016-01-12,6.8,6.81,6.8,6.8001,5360,3393
2016-01-13,6.8,6.8,6.77,6.8,4705,3393
2016-01-14,6.8,6.8,6.5,6.668,2490,3393
2016-01-15,6.5,6.53,6.45,6.5,7928,3393
2016-01-20,6.52,6.52,6.5,6.5001,2080,3393
2016-01-21,6.5,6.5001,6.5,6.5,1450,3393
2016-01-26,6.35,6.595,6.29,6.595,300,3393
2016-01-27,6.729,6.729,6.729,6.729,1000,3393
2016-01-28,6.5,6.5,6.4999,6.4999,600,3393
2016-01-29,6.34,6.34,6.34,6.34,182,3393
2016-02-02,6.45,6.45,6.45,6.45,100,3393
2016-02-04,6.25,6.25,6.25,6.25,200,3393
2016-02-05,6.2651,6.2651,6.2651,6.2651,100,3393
2016-02-09,6.25,6.25,6.14,6.15,3099,3393
2016-02-11,6.15,6.15,6.15,6.15,400,3393
2016-02-12,6.17,6.17,6.0,6.1,1187,3393
2016-02-16,6.0,6.1022,6.0,6.1022,701,3393
2016-02-17,6.486,6.486,6.486,6.486,100,3393
2016-02-19,6.0253,6.0253,6.0253,6.0253,350,3393
2016-02-22,6.1495,6.6,6.03,6.03,31195,3393
2016-02-29,6.15,6.31,6.11,6.1201,827,3393
2016-03-01,6.0827,6.12,6.0,6.01,3980,3393
2016-03-02,6.0001,6.03,6.0,6.001,2002,3393
2016-03-03,6.25,6.4,6.25,6.4,400,3393
2016-03-07,6.39,6.8,6.354,6.3553,25398,3393
2016-03-08,6.752,6.8,6.5003,6.7954,3870,3393
2016-03-09,6.88,6.9,6.595,6.7697,17383,3393
2016-03-10,6.83,7.3,6.52,6.52,9342,3393
2016-03-11,6.5,6.5,6.4999,6.4999,13266,3393
2016-03-15,6.55,6.55,6.55,6.55,1010,3393
2016-03-16,6.98,7.0,6.58,6.63,1013,3393
2016-03-18,6.8068,7.1,6.77,6.99,17217,3393
2016-03-28,6.8001,7.2,6.7,7.1899,13410,3393
2016-03-29,7.0,7.1,7.0,7.1,207,3393
2016-03-30,7.1,7.1,7.0,7.0,1000,3393
2016-03-31,7.0,7.0,6.11,6.11,2330,3393
2016-04-01,6.9105,6.92,6.9105,6.92,312,3393
2016-04-04,7.3,7.5,7.3,7.5,4631,3393
2016-04-05,7.43,7.43,7.4,7.4,600,3393
2016-04-07,7.4,7.4,7.4,7.4,998,3393
2016-04-08,7.2,7.2,7.1999,7.1999,200,3393
2016-04-11,7.2,7.5,6.9999,7.0915,1150,3393
2016-04-13,6.609,7.05,6.609,7.05,830,3393
2016-04-21,7.0575,7.0575,7.0575,7.0575,200,3393
2016-04-22,7.36,7.36,7.36,7.36,2308,3393
2016-04-25,6.9101,6.9101,6.9101,6.9101,521,3393
2016-04-27,7.1999,7.1999,6.75,6.871,18850,3393
2016-04-28,6.83,6.8501,6.72,6.73,1328,3393
2016-04-29,6.75,6.75,6.75,6.75,100,3393
2016-05-02,6.7,6.99,6.6,6.85,5975,3393
2016-05-03,6.6206,6.6206,6.6206,6.6206,250,3393
2016-05-04,7.23,7.38,6.51,7.38,6480,3393
2016-05-05,7.08,7.3889,6.75,6.86,2200,3393
2016-05-06,6.99,7.36,6.76,7.36,15700,3393
2016-05-10,7.3999,7.3999,7.2,7.2,950,3393
2016-05-11,7.2,7.34,7.0,7.34,4740,3393
2016-05-13,7.0001,7.16,7.0001,7.16,200,3393
2016-05-16,7.0,7.0,7.0,7.0,300,3393
2016-05-17,7.0001,7.0001,7.0001,7.0001,1500,3393
2016-05-18,7.024,7.024,7.024,7.024,200,3393
2016-05-19,7.0,7.0,6.65,7.0,5490,3393
2016-05-20,7.0,7.1,6.66,7.1,7959,3393
2016-05-23,7.0,7.0,7.0,7.0,200,3393
2016-05-24,7.01,7.01,7.0,7.0,3700,3393
2016-05-25,7.01,7.01,6.68,6.68,500,3393
2016-05-26,6.71,6.71,6.71,6.71,100,3393
2016-05-31,6.73,7.025,6.5399,7.0,6754,3393
2016-06-09,7.0001,7.38,7.0,7.0,2470,3393
2016-06-10,7.0,7.0,7.0,7.0,200,3393
2016-06-13,7.1788,7.1788,7.1788,7.1788,471,3393
2016-06-16,6.88,7.11,6.71,7.005,570,3393
2016-06-20,6.6,7.08,6.6,7.08,2003,3393
2016-06-22,6.426,6.6,6.426,6.6,500,3393
2016-06-23,6.11,6.6,6.11,6.12,2050,3393
2016-06-24,6.89,6.89,5.9999,6.11,600,3393
2016-06-28,6.12,6.7501,6.12,6.7501,974,3393
2016-06-29,7.05,7.2,7.05,7.15,2628,3393
2016-06-30,7.1011,7.21,7.1011,7.11,1403,3393
2016-07-05,6.9655,6.9655,6.9001,6.9001,725,3393
2016-07-07,6.8201,6.8201,6.8201,6.8201,100,3393
2016-07-08,6.6,6.6,6.6,6.6,200,3393
2016-07-11,6.75,6.902,6.75,6.902,1300,3393
2016-07-12,7.0,7.0,7.0,7.0,1605,3393
2016-07-13,6.8,7.0,6.8,7.0,2797,3393
2016-07-14,7.0,7.0087,7.0,7.0087,452,3393
2016-07-15,7.0,7.0,7.0,7.0,974,3393
2016-07-20,7.0001,7.0001,7.0001,7.0001,600,3393
2016-07-26,7.1,7.1,7.1,7.1,2198,3393
2016-07-29,7.1999,7.3,6.975,7.3,10722,3393
2016-08-01,7.036,7.036,7.036,7.036,100,3393
2016-08-03,7.2,7.2,7.2,7.2,101,3393
2016-08-04,7.14,7.14,7.015,7.14,789,3393
2016-08-05,7.18,7.3,7.18,7.2531,1200,3393
2016-08-08,7.25,7.25,7.2,7.2,1680,3393
2016-08-09,7.3,7.3,7.245,7.245,4900,3393
2016-08-12,7.25,7.295,7.25,7.26,2349,3393
2016-08-16,6.9873,7.3,6.48,7.3,23475,3393
2016-08-17,7.33,7.35,7.33,7.35,300,3393
2016-08-18,7.27,7.3,6.53,7.3,3035,3393
2016-08-19,7.38,7.4,7.35,7.35,354,3393
2016-08-22,7.48,7.59,7.428,7.59,7950,3393
2016-08-23,7.6,7.74,7.34,7.34,6223,3393
2016-08-25,7.86,7.86,7.86,7.86,500,3393
2016-08-26,7.94,7.98,7.8,7.87,1467,3393
2016-08-30,7.88,7.88,7.549,7.86,925,3393
2016-08-31,7.87,7.87,7.75,7.87,600,3393
2016-09-01,7.63,7.78,7.63,7.78,2200,3393
2016-09-02,7.67,7.999,7.67,7.999,250,3393
2016-09-06,7.6,8.0,7.6,8.0,250,3393
2016-09-08,7.8,7.8,7.645,7.8,3498,3393
2016-09-09,8.0,8.0,7.99,7.99,350,3393
2016-09-12,7.7758,7.7758,7.7758,7.7758,120,3393
2016-09-14,8.0,8.39,8.0,8.08,700,3393
2016-09-15,8.24,8.39,8.16,8.39,506,3393
2016-09-16,8.4,8.4,8.18,8.18,3386,3393
2016-09-19,8.37,8.4,7.81,8.3999,1850,3393
2016-09-20,8.1999,8.1999,8.17,8.17,200,3393
2016-09-21,8.17,8.7,8.01,8.3,4800,3393
2016-09-22,8.59,8.59,8.31,8.31,400,3393
2016-09-23,8.65,8.65,8.1424,8.1424,551,3393
2016-09-26,8.658,8.658,8.658,8.658,150,3393
2016-09-27,8.44,8.71,8.2975,8.67,3469,3393
2016-09-28,8.5,8.5,8.5,8.5,100,3393
2016-09-30,8.0432,8.82,8.0432,8.6305,1413,3393
2016-10-03,8.69,8.7,8.3486,8.49,8568,3393
2016-10-04,8.696,8.696,8.696,8.696,150,3393
2016-10-13,8.45,8.65,8.4381,8.59,7378,3393
2016-10-14,8.359,8.75,8.2666,8.737,13502,3393
2016-10-17,8.65,8.65,8.5431,8.6382,5200,3393
2016-10-18,8.65,8.65,8.395,8.395,1860,3393
2016-10-20,8.75,8.75,8.7468,8.7468,1900,3393
2016-10-21,8.75,14.12,8.75,10.1,16014,3393
2016-10-24,13.0,13.0,10.6,11.3001,6188,3393
2016-10-25,11.0,11.0,9.95,9.955,664,3393
2016-10-26,9.87,9.87,9.42,9.42,1328,3393
2016-10-27,10.95,10.95,10.95,10.95,184,3393
2016-10-31,11.1,11.1,11.1,11.1,638,3393
2016-11-03,10.99,10.99,9.89,9.89,830,3393
2016-11-04,10.35,10.35,10.15,10.15,457,3393
2016-11-17,9.96,10.0,8.08,8.21,1750,3393
2016-11-18,8.7905,9.0,8.75,8.79,1200,3393
2016-11-21,8.75,8.75,8.75,8.75,110,3393
2016-11-23,9.2,9.2,9.2,9.2,100,3393
2016-11-30,8.75,8.75,8.75,8.75,100,3393
2016-12-05,8.78,8.78,8.75,8.75,538,3393
2016-12-06,8.78,8.78,8.75,8.75,501,3393
2016-12-07,8.77,8.77,8.75,8.75,1111,3393
2016-12-08,9.047,9.47,9.047,9.47,295,3393
2016-12-09,8.773,9.0668,8.773,9.0668,619,3393
2016-12-14,9.5,9.5,9.5,9.5,184,3393
2016-12-16,8.8,9.5,8.7501,9.5,17114,3393
2016-12-22,8.9457,8.9457,8.7501,8.8625,3501,3393
2016-12-23,9.19,9.22,8.7501,8.7501,10528,3393
2016-12-28,8.75,8.75,8.75,8.75,565,3393
2017-01-04,8.75,8.75,8.7335,8.7335,336,3393
2017-01-05,8.8653,8.8653,7.98,7.98,548,3393
2017-01-06,8.3753,8.3753,7.5,7.5,533,3393
2017-01-09,7.5,7.5,7.5,7.5,256,3393
2017-01-17,7.75,7.75,7.75,7.75,126,3393
2017-01-18,7.75,8.53,7.75,8.2299,451,3393
2017-01-25,7.6,7.6,7.6,7.6,314,3393
2017-01-26,8.2,8.2,8.2,8.2,228,3393
2017-01-27,7.7,7.7,7.7,7.7,120,3393
2017-02-01,7.5001,7.5001,7.5001,7.5001,815,3393
2017-02-02,7.6458,7.6458,7.6458,7.6458,173,3393
2017-02-08,7.5,7.5,7.5,7.5,300,3393
2017-02-09,7.5012,7.58,7.5,7.58,510,3393
2017-02-10,8.34,8.34,7.5,7.5,428,3393
2017-02-13,7.54,7.54,7.54,7.54,100,3393
2017-02-21,7.5,7.5,7.4,7.425,1208,3393
2017-02-27,7.5,7.5113,7.5,7.5113,660,3393
2017-03-06,7.5,7.5,7.5,7.5,925,3393
2017-03-07,7.51,7.52,7.51,7.52,200,3393
2017-03-08,7.53,7.53,7.53,7.53,228,3393
2017-03-09,7.25,7.25,7.25,7.25,233,3393
2017-03-10,7.25,7.25,7.25,7.25,100,3393
2017-03-13,7.26,7.3,7.26,7.3,321,3393
2017-03-15,7.25,7.25,7.25,7.25,278,3393
2017-03-16,7.1,7.1,7.1,7.1,153,3393
2017-03-17,8.3,8.47,8.2,8.47,2000,3393
2017-03-21,7.9,7.9,7.9,7.9,462,3393
2017-03-22,7.1501,7.1501,7.1501,7.1501,245,3393
2017-03-23,7.2,7.2,7.2,7.2,100,3393
2017-03-24,7.15,7.35,7.15,7.35,414,3393
2017-03-30,7.34,7.34,7.21,7.21,551,3393
2017-04-12,7.2,7.2,7.1501,7.1501,555,3393
2017-04-26,7.08,7.08,7.08,7.08,165,3393
2017-04-27,5.8,6.51,5.8,6.51,1264,3393
2017-05-01,6.6122,6.6122,6.6122,6.6122,554,3393
2017-05-02,6.67,6.6847,6.67,6.6847,449,3393
2017-05-05,6.5,6.5,6.5,6.5,102,3393
2017-05-09,6.6271,6.6271,6.6271,6.6271,506,3393
2017-05-10,6.8275,6.8275,6.8275,6.8275,204,3393
2017-05-26,6.53,6.5875,6.53,6.5875,340,3393
2017-06-05,6.55,6.55,6.5,6.5,500,3393
2017-06-06,6.5,6.5,6.5,6.5,404,3393
2017-06-08,6.5299,6.5299,6.5,6.5,1561,3393
2017-06-12,6.5417,6.5417,6.5,6.5,810,3393
2017-06-16,6.5,7.2,6.5,7.2,7840,3393
2017-06-22,7.3,8.06,6.51,8.06,4324,3393
2017-06-23,7.95,8.24,7.95,8.24,1709,3393
2017-06-27,7.8999,7.9,6.8,7.9,900,3393
2017-06-28,7.44,7.44,7.44,7.44,309,3393
2017-06-29,6.8999,7.93,6.8999,7.93,9371,3393
2017-06-30,7.9601,8.1901,7.3,7.3,11848,3393
2017-07-03,7.69,7.7,6.97,7.7,3122,3393
2017-07-05,7.63,7.63,6.99,7.2295,3474,3393
2017-07-06,7.41,8.0,7.41,7.99,4858,3393
2017-07-07,7.748,7.99,7.47,7.47,792,3393
2017-07-10,7.72,7.72,7.72,7.72,167,3393
2017-07-11,7.76,8.73,7.6275,8.0,3354,3393
2017-07-12,7.77,7.89,7.46,7.7389,5488,3393
2017-07-13,7.85,7.88,7.33,7.84,3000,3393
2017-07-17,7.86,7.86,7.72,7.72,2869,3393
2017-07-18,7.5199,7.64,7.5199,7.64,1909,3393
2017-07-19,7.66,8.0,7.53,7.53,2423,3393
2017-07-20,7.13,7.57,7.13,7.171,932,3393
2017-07-21,7.473,7.9745,7.456,7.5849,2001,3393
2017-07-24,7.8602,8.0,7.7978,7.8,1633,3393
2017-07-26,7.57,7.57,7.57,7.57,103,3393
2017-07-27,7.55,7.8,7.3616,7.8,2602,3393
2017-07-28,7.7578,7.95,7.3686,7.8,7436,3393
2017-07-31,7.7,7.8898,7.5,7.52,6827,3393
2017-08-01,7.31,7.59,7.2775,7.5113,6506,3393
2017-08-02,7.5,7.67,7.5,7.5,8998,3393
2017-08-03,7.5,7.74,7.2417,7.66,3611,3393
2017-08-04,7.75,7.75,7.51,7.51,4766,3393
2017-08-07,7.5,7.5,7.5,7.5,238,3393
2017-08-08,7.65,7.82,7.6425,7.71,3428,3393
2017-08-09,7.7,7.75,7.68,7.68,3002,3393
2017-08-10,7.68,7.68,7.65,7.65,594,3393
2017-08-11,7.4,7.4,7.35,7.35,466,3393
2017-08-14,7.0,7.21,6.99,7.21,1807,3393
2017-08-15,7.21,7.21,7.0,7.0,2821,3393
2017-08-16,6.9,6.9,6.9,6.9,100,3393
2017-08-17,6.9,6.9,6.9,6.9,100,3393
2017-08-22,6.9,6.9,6.9,6.9,185,3393
2017-08-24,6.9104,6.9104,6.9104,6.9104,164,3393
2017-08-28,7.2,7.2,6.9,6.9,409,3393
2017-08-29,6.95,6.95,5.67,6.62,7770,3393
2017-08-30,6.53,7.01,6.5,6.55,9275,3393
2017-08-31,6.65,7.0,6.5,6.5,8114,3393
2017-09-01,6.5,6.57,6.1,6.57,10921,3393
2017-09-05,6.7,6.7,6.7,6.7,137,3393
2017-09-06,6.5,6.5,6.5,6.5,215,3393
2017-09-07,6.25,6.25,6.25,6.25,101,3393
2017-09-08,6.8,6.8,6.25,6.25,2071,3393
2017-09-12,6.25,6.25,6.25,6.25,354,3393
2017-09-13,7.0,7.0,7.0,7.0,182,3393
2017-09-14,6.5,6.5,6.5,6.5,208,3393
2017-09-15,6.66,6.66,6.25,6.25,450,3393
2017-09-18,6.25,6.375,6.25,6.375,4499,3393
2017-09-19,6.43,6.6275,6.43,6.46,4315,3393
2017-09-20,6.3,6.95,6.3,6.9492,9301,3393
2017-09-21,6.8,6.81,6.55,6.6,6344,3393
2017-09-22,6.62,6.81,6.41,6.41,3206,3393
2017-09-25,6.5701,6.5701,6.5701,6.5701,1535,3393
2017-09-27,6.58,6.58,6.42,6.55,2308,3393
2017-09-28,6.46,6.7599,6.32,6.52,7300,3393
2017-09-29,6.5,6.51,6.4,6.4,861,3393
2017-10-03,6.25,6.25,6.25,6.25,103,3393
2017-10-04,6.45,6.52,6.401,6.5072,4039,3393
2017-10-05,6.56,6.5662,6.4,6.4,4247,3393
2017-10-06,6.4015,6.55,6.4,6.41,5106,3393
2017-10-10,6.2948,6.45,6.2948,6.3844,2762,3393
2017-10-11,6.49,6.7824,6.4184,6.51,15326,3393
2017-10-12,6.3486,6.5,6.3486,6.5,2210,3393
2017-10-13,6.8,6.8,6.55,6.55,2636,3393
2017-10-16,6.7,6.7,6.7,6.7,238,3393
2017-10-18,6.513,6.513,6.513,6.513,877,3393
2017-10-23,6.51,6.52,6.5,6.52,4381,3393
2017-10-25,6.5,6.51,6.5,6.5,1860,3393
2017-10-26,6.39,6.55,6.39,6.55,4075,3393
2017-10-27,6.56,6.56,6.5,6.5,338,3393
2017-10-30,6.6499,6.6625,6.4999,6.6,7534,3393
2017-10-31,6.56,6.59,6.5,6.51,2546,3393
2017-11-01,6.6,6.922,6.499,6.5,7820,3393
2017-11-02,6.63,6.67,6.37,6.4,10889,3393
2017-11-03,6.4,6.4,6.4,6.4,1013,3393
2017-11-08,6.4,6.47,6.4,6.45,3531,3393
2017-11-09,6.61,6.61,6.4,6.53,11933,3393
2017-11-10,6.49,6.986,6.46,6.65,5445,3393
